4844	0	59	0	4	0	3	1	1	1
5514	0	58	0	4	0	3	1	1	100
1471	40	16	-9	9	0	3	1	1	102
4560	10	42	-12	3	371	3	1	1	103
4868	0	59	0	4	0	3	1	1	104
8301	20	82	0	6	0	3	1	1	106
4857	0	51	0	9	0	3	1	1	110
4852	0	59	0	4	0	3	1	1	115
4821	0	42	-12	2	0	3	1	1	118
4815	0	59	0	4	0	3	1	1	12
4874	0	59	0	2	0	3	1	1	127
4581	10	43	-18	3	0	3	1	1	137
6131	0	62	15	1	13	3	1	1	139
9042	0	91	0	4	0	3	1	1	146
4648	10	47	-9	2	0	3	1	1	149
2841	10	31	-19	2	610	3	1	1	15
7048	20	79	0	1	0	3	1	1	158
2934	0	31	-18	4	0	3	1	1	162
1382	0	11	0	1	302	3	1	1	165
2377	20	31	-12	1	0	3	1	1	169
4879	0	59	0	4	0	3	1	1	176
5329	10	59	0	2	131	3	1	1	177
3334	10	33	0	5	0	3	1	1	184
9103	0	91	0	4	0	3	1	1	213
2810	10	32	-11	2	0	3	1	1	214
2377	10	31	-12	1	13	3	1	1	216
7098	0	79	0	1	0	3	1	1	219
2704	0	7	-1	1	13	3	1	1	224
4442	10	41	-6	3	0	3	1	1	249
1292	0	28	-3	1	13	3	1	1	250
8214	0	89	0	4	0	3	1	1	269
5504	0	59	0	4	0	3	1	1	307
1169	0	25	-7	1	13	3	1	1	31
8302	20	82	0	6	0	3	1	1	313
2673	0	31	-23	1	132	3	1	1	326
4401	20	41	-7	3	0	3	1	1	328
1018	10	17	-2	1	0	3	1	1	336
2827	20	31	-6	2	0	3	1	1	342
4305	10	40	-12	2	530	3	1	1	344
3313	10	33	0	5	0	3	1	1	346
3315	10	31	-3	5	0	3	1	1	362
2901	10	31	-6	5	0	3	1	1	363
2093	0	32	-5	1	0	3	1	1	377
2058	0	32	-5	1	71	3	1	1	38
4311	0	40	-8	2	352	3	1	1	384
1547	0	18	0	1	0	3	1	1	391
2261	0	31	-9	1	13	3	1	1	392
3015	0	33	0	1	13	3	1	1	40
3513	0	33	0	9	0	3	1	1	403
2902	10	31	-11	5	0	3	1	1	405
2405	50	31	-12	1	0	3	1	1	408
7048	30	79	0	1	0	3	1	1	409
2827	10	31	-6	2	660	3	1	1	417
4412	20	41	-14	3	0	3	1	1	44
8209	0	89	0	4	0	3	1	1	47
2133	0	31	-7	1	362	3	1	1	59
3157	0	38	0	1	31	3	1	1	60
1604	10	20	-6	2	0	3	1	1	63
9031	0	91	0	4	0	3	1	1	65
1316	0	14	-4	1	45	3	1	1	66
4832	0	40	-2	4	0	3	1	1	67
2153	0	33	0	1	31	3	1	1	69
1482	0	16	-9	1	0	3	1	1	7
2226	0	31	-8	1	13	3	1	1	73
4089	0	42	-8	1	13	3	1	1	85									
4560	20	42	-12	3	371	3	1	1	87									
2045	20	31	-5	1	0	3	1	1	88									
4401	10	41	-7	3	0	3	1	1	89									
2921	10	31	-17	5	0	3	1	1	96									
2317	0	31	-11	1	11	1	10	10	171	8	342	3	130	124	216	245	245	342
3100	0	35	0	1	0	1	10	10	18	240	197	252	97	389	87	59	342	139
2018	0	31	-3	1	13	1	10	10	214	287	87	244	28	162	99	136	193	12
4019	0	43	-5	1	13	1	10	10	216	123	389	87	59	51	130	149	48	342
1421	0	20	-3	1	0	1	10	10	216	123	65	244	58	294	375	72	244	56
4005	0	42	-5	1	13	1	10	10	267	99	65	67	59	387	51	130	149	342
9011	0	91	0	1	13	1	10	10	28	249	162	99	65	340	41	245	347	342
4020	0	48	-11	1	13	1	10	10	293	233	59	99	387	336	89	112	194	342
4001	0	47	-6	1	13	1	10	10	301	149	100	336	89	249	169	342	98	174
4269	0	40	-3	1	0	1	10	10	319	83	267	99	87	59	65	342	124	169
2860	10	31	-13	2	11	1	10	10	327	303	245	245	125	59	99	17	134	86
1540	0	26	-5	1	13	1	10	10	341	206	99	387	65	171	59	87	294	342	
1623	30	28	-10	2	0	1	10	10	343	294	328	391	87	112	294	171	8	342	
1049	0	25	-2	1	13	1	10	10	387	206	252	99	67	375	51	155	347	342	
4254	0	47	-6	1	0	1	10	10	389	171	59	341	342	336	89	211	2	14	
2069	0	31	-5	1	13	1	10	10	391	17	391	381	391	98	171	59	342	139	
2335	0	31	-11	1	11	1	10	10	391	99	386	53	171	59	72	249	162	342	
8006	0	81	0	1	13	1	10	10	402	99	249	267	402	99	51	130	149	342	
2614	0	31	-18	1	13	1	10	10	84	59	160	343	387	67	87	59	155	211	
3109	0	36	0	1	13	1	10	10	89	245	245	223	99	70	336	89	178	180	
6125	0	61	14	1	11	1	10	10	95	78	402	99	9	8	342	17	407	169	
2436	0	31	-13	1	13	1	11	11	17	293	293	211	186	267	99	59	59	155	211
1006	0	16	-2	1	11	1	11	11	233	81	99	389	65	336	89	87	155	124	169
2446	0	31	-13	1	13	1	11	11	238	267	99	387	53	72	336	89	112	194	342
2325	0	31	-11	1	0	1	11	11	244	336	326	327	99	387	65	59	249	169	342
2109	0	32	-6	1	13	1	11	11	249	89	233	123	86	59	395	99	51	130	28
1429	0	27	-9	1	0	1	11	11	267	99	53	171	59	336	89	360	249	169	342
2537	0	31	-24	1	0	1	11	11	293	123	344	389	171	59	67	51	130	149	342			
5253	10	59	0	2	0	1	11	11	389	171	59	182	293	51	130	149	249	162	342			
4335	10	40	-4	2	0	1	11	11	389	171	59	182	293	51	130	149	249	169	342			
5096	0	59	0	1	0	1	12	12	341	28	381	252	99	389	70	336	89	407	87	169		
1087	0	24	-6	1	13	1	13	13	87	244	28	162	99	65	67	87	59	51	130	149	342	
2654	0	31	-21	1	0	1	14	14	17	293	293	211	202	267	99	65	70	336	89	87	284	342
3107	0	36	0	1	0	1	14	14	341	309	267	99	389	72	102	287	373	287	342	145	407	169
1483	0	24	0	1	0	5	2	2	1	1												
4881	0	59	0	4	0	1	2	2	100	104												
5006	0	40	-3	1	0	1	2	2	100	169												
1903	0	39	0	4	0	1	2	2	101	319												
4861	0	59	0	4	0	1	2	2	102	104												
2368	0	31	-12	1	13	1	2	2	102	15												
1220	0	28	-3	1	13	1	2	2	102	162												
1411	0	26	-5	1	0	1	2	2	102	169												
1704	10	13	0	5	0	1	2	2	102	190												
2249	0	32	-9	1	31	1	2	2	102	25
2928	0	31	-18	6	0	5	2	2	104	104
2926	0	31	-24	6	0	4	2	2	104	110
4415	10	53	-11	3	900	1	2	2	104	149
2698	0	6	1	1	13	1	2	2	104	15
2858	0	31	-21	2	13	1	2	2	104	162
2008	0	33	-2	1	14	2	2	2	104	169
2113	0	32	-6	1	13	1	2	2	106	15
1422	0	17	-6	1	0	1	2	2	106	169
1904	0	22	0	4	0	2	2	2	106	342
7072	0	79	0	1	0	1	2	2	107	169
2925	20	31	-24	6	0	4	2	2	108	315
1243	0	20	-2	1	13	1	2	2	109	162
4171	0	40	-2	1	13	1	2	2	109	59
1231	0	17	-1	1	13	1	2	2	111	342
3078	20	33	0	1	0	1	2	2	112	162
1025	0	25	-2	1	13	1	2	2	112	169
4276	20	42	-11	1	0	2	2	2	112	402
4009	0	42	-5	1	13	1	2	2	112	59
2127	0	32	-7	1	71	1	2	2	114	162
8013	0	82	0	1	730	1	2	2	119	12
1273	0	24	-10	1	13	1	2	2	120	87
6225	0	61	14	1	13	1	2	2	121	14
4086	0	40	-2	1	13	1	2	2	122	14
2293	0	31	-10	1	13	1	2	2	124	12
3064	0	33	0	1	11	1	2	2	124	342
1102	0	17	0	1	13	1	2	2	133	150
2360	0	31	-12	1	101	1	2	2	135	342
4407	10	47	-16	3	910	1	2	2	138	176
4472	10	44	-6	3	0	1	2	2	142	149
2493	0	31	-15	1	251	1	2	2	149	13
8001	0	89	0	1	0	2	2	2	149	342
2269	0	31	-9	1	13	2	2	2	162	342
6235	0	62	10	2	11	1	2	2	169	342
2936	20	31	-18	4	0	1	2	2	169	345
5094	0	59	0	1	13	1	2	2	17	254
1177	0	20	-5	1	13	1	2	2	171	60
1268	0	25	-4	1	13	1	2	2	173	12
2154	0	31	-7	1	13	1	2	2	173	342
1412	10	27	-2	1	0	1	2	2	182	149
4222	20	40	-8	1	0	2	2	2	197	169
2626	10	31	-19	1	0	1	2	2	197	86
2076	0	32	-6	1	13	1	2	2	2	12
2371	0	32	-12	1	13	1	2	2	2	14
2274	0	31	-10	1	13	1	2	2	2	176
2351	0	31	-11	1	13	1	2	2	20	176
2530	0	31	-16	1	13	1	2	2	200	391
2661	0	31	-21	1	50	1	2	2	201	277
4468	10	42	-15	3	0	1	2	2	201	280
4824	0	41	-5	2	0	2	2	2	204	230
4460	20	41	-13	3	0	1	2	2	205	367
4561	10	41	-13	3	0	2	2	2	216	123
2244	0	31	-9	1	13	1	2	2	216	254
7029	0	79	0	1	0	1	2	2	216	342
1533	0	20	-10	7	984	1	2	2	221	254
1238	0	20	-6	1	13	1	2	2	222	254
4469	10	56	0	3	0	1	2	2	223	342
4223	0	42	-9	1	870	2	2	2	224	176
7004	0	79	0	1	0	2	2	2	226	254
4709	0	42	-3	9	0	1	2	2	226	342
4031	0	42	-13	1	13	1	2	2	228	342
2433	0	31	-13	1	13	1	2	2	234	254
2014	0	32	-4	1	13	1	2	2	242	342
2806	10	32	-5	2	974	1	2	2	244	342
3510	0	25	0	9	0	1	2	2	244	407
8204	0	89	0	4	0	1	2	2	245	342
2638	0	31	-20	1	13	1	2	2	249	307
2005	0	31	-2	1	13	1	2	2	249	391
2108	0	32	-6	1	31	1	2	2	25	15
4663	10	44	-8	2	0	1	2	2	25	97
4823	0	41	-5	2	0	2	2	2	253	230
7027	0	79	0	1	0	1	2	2	256	391
4536	20	41	-13	3	0	1	2	2	263	342
5056	10	54	0	1	0	1	2	2	267	343
4460	10	41	-13	3	0	1	2	2	267	402
4474	10	42	-18	3	0	2	2	2	267	89
4441	10	42	-17	3	0	1	2	2	267	99
4359	10	57	0	2	0	1	2	2	272	402
4488	20	45	-6	3	0	1	2	2	276	284
1288	0	25	-4	1	13	1	2	2	28	1
4487	20	42	-18	3	0	1	2	2	28	328
4165	0	41	-14	1	13	1	2	2	283	162
4871	0	59	0	4	0	1	2	2	284	277
2554	0	31	-17	1	136	1	2	2	284	99
2952	10	33	0	9	0	1	2	2	287	319
4502	10	42	-14	3	0	1	2	2	287	402
1296	0	28	-7	1	13	1	2	2	289	342
2358	0	31	-11	1	13	1	2	2	292	342
1272	0	12	0	1	12	1	2	2	293	342
2606	0	31	-18	1	137	1	2	2	294	342
1005	0	17	-7	1	13	1	2	2	296	342
8002	0	89	0	1	45	1	2	2	303	121
4589	20	53	-5	3	0	1	2	2	307	267
4804	0	59	0	4	0	4	2	2	313	102
3095	0	35	0	1	0	1	2	2	326	15
2819	20	31	-7	2	255	1	2	2	326	342
1244	0	1	0	1	13	1	2	2	327	254
3163	0	39	0	1	61	1	2	2	327	293
5072	0	43	-8	1	0	1	2	2	327	342
5473	20	59	0	3	0	2	2	2	328	28
4231	0	45	0	1	71	1	2	2	328	307
4363	20	45	-16	2	0	1	2	2	328	59
2364	0	31	-12	1	13	1	2	2	334	342
4530	10	55	-5	3	0	2	2	2	336	176
1603	10	5	-6	2	251	1	2	2	336	321
3036	0	33	0	1	13	1	2	2	341	12
1226	0	17	-4	1	13	1	2	2	341	342
8212	0	89	0	4	0	1	2	2	344	216
4321	20	42	-7	2	851	1	2	2	345	328
2921	20	31	-17	5	0	1	2	2	348	342
3511	0	30	0	9	0	1	2	2	366	406
5266	0	49	-9	2	0	2	2	2	373	342
7075	0	79	0	1	0	5	2	2	373	373
1236	0	16	-5	1	13	1	2	2	375	342
2500	0	31	-15	1	45	1	2	2	375	52
2458	0	31	-14	1	13	1	2	2	379	307
2546	0	31	-16	1	13	1	2	2	38	375
2846	20	31	-16	2	412	1	2	2	383	341
1045	0	25	-3	1	13	1	2	2	387	14
4029	0	43	-12	1	13	1	2	2	387	15
1217	0	20	-6	1	13	1	2	2	387	342
2682	0	31	-24	1	0	1	2	2	389	15
4298	0	47	-6	1	0	1	2	2	389	224
4416	10	42	-12	3	920	1	2	2	391	123
3248	10	39	0	2	0	1	2	2	391	341
2804	10	7	-1	2	13	1	2	2	397	162
5327	10	59	0	2	0	1	2	2	397	233
4235	0	40	-11	1	45	1	2	2	40	176
2405	40	31	-12	1	0	1	2	2	403	231
2939	0	6	1	4	0	1	2	2	403	87
2270	0	32	-10	1	13	1	2	2	406	162
2808	10	32	-7	2	113	1	2	2	409	96
1252	10	16	-3	1	13	1	2	2	415	342
4181	0	56	-4	1	13	1	2	2	416	342
4473	10	42	-16	3	0	1	2	2	416	344
8047	0	81	0	1	11	1	2	2	417	12
2379	0	31	-12	1	13	1	2	2	47	211
1475	20	28	-3	1	0	1	2	2	48	15
1279	0	30	-2	1	13	1	2	2	48	342
8003	0	82	0	1	0	1	2	2	51	302
4482	20	47	-9	3	0	2	2	2	51	89
4588	20	44	0	3	0	1	2	2	6	176
5506	0	59	0	4	0	1	2	2	6	97
5477	10	59	0	3	0	2	2	2	60	176
2585	0	31	-18	1	13	1	2	2	60	242
1625	10	17	-10	2	45	1	2	2	65	211
3070	0	33	0	1	45	1	2	2	65	68
4493	10	45	-6	3	0	1	2	2	66	176
4479	10	53	-7	3	0	2	2	2	67	12
2026	0	31	-4	1	13	1	2	2	67	211
6209	0	64	-1	1	13	1	2	2	69	15
4378	10	53	-8	2	0	1	2	2	7	176
2637	0	31	-20	1	0	1	2	2	70	12
8048	0	81	0	1	31	1	2	2	70	211
1254	0	25	-5	1	13	1	2	2	72	211
4676	10	45	0	2	0	1	2	2	72	216
4466	10	41	-7	3	0	1	2	2	73	176
2239	0	31	-9	1	13	1	2	2	75	12
4124	0	43	-10	1	13	1	2	2	77	342
4632	0	40	-8	1	0	1	2	2	8	342
1171	0	18	-3	1	13	1	2	2	86	15
4474	20	42	-18	3	0	1	2	2	86	211
2310	0	31	-10	1	31	1	2	2	86	250
4537	10	41	-12	3	0	1	2	2	86	276
4537	20	41	-12	3	0	1	2	2	86	284
4491	20	44	0	3	0	2	2	2	86	328
4505	10	41	-7	3	0	1	2	2	87	253
4314	20	40	-7	2	23	1	2	2	87	328
2931	10	31	-12	4	0	1	2	2	87	343
4372	20	40	-10	2	0	1	2	2	87	46
3081	0	33	0	1	13	1	2	2	89	12
4807	0	59	0	4	0	1	2	2	89	210
4345	20	53	-6	2	0	1	2	2	89	328
1616	10	17	-8	2	981	1	2	2	9	48
2167	0	32	-8	1	11	1	2	2	90	242
2931	20	31	-12	4	0	1	2	2	90	86
4346	20	59	0	2	0	1	2	2	95	328	
4856	0	51	0	9	0	1	2	2	96	137	
4686	10	53	-4	2	0	1	2	2	96	402	
1471	20	16	-9	9	0	1	2	2	98	287	
2645	0	31	-20	1	11	1	3	3	100	17	60
4406	10	53	-6	3	0	1	3	3	100	326	342
2540	0	31	-16	1	13	1	3	3	102	15	176
1365	0	17	-3	1	71	1	3	3	102	59	211
1376	0	17	-6	1	202	1	3	3	102	59	342
1257	0	17	-7	1	13	1	3	3	103	403	342
3159	0	38	0	1	13	1	3	3	104	162	176
4439	20	45	-6	3	0	2	3	3	104	368	342
5462	20	59	0	3	0	2	3	3	104	369	342
2229	10	31	-8	1	41	1	3	3	104	59	211
1460	0	20	-10	1	0	1	3	3	106	287	342
3158	0	38	0	1	13	1	3	3	109	245	245
4490	10	47	-8	3	0	2	3	3	109	59	211
2214	0	31	-8	1	13	1	3	3	112	194	342
4820	0	59	0	4	0	1	3	3	112	331	342
4693	0	45	-5	1	13	1	3	3	117	125	59
4094	0	41	-6	1	13	1	3	3	119	87	342
8215	0	89	0	4	0	1	3	3	121	342	176
1548	0	16	-9	1	13	1	3	3	121	342	318
2557	0	31	-17	1	13	1	3	3	124	25	342
2313	0	31	-10	1	45	1	3	3	124	50	375
4514	20	41	-14	3	0	1	3	3	124	51	342
5069	0	43	-4	1	0	2	3	3	127	347	342
4655	0	40	-2	2	0	1	3	3	127	8	342
4030	0	42	-5	1	13	1	3	3	135	358	342
4691	10	42	-13	2	0	1	3	3	135	365	410
4074	0	43	-10	1	13	1	3	3	136	193	342
3069	0	33	0	1	351	1	3	3	150	123	342
2187	0	32	-8	1	13	1	3	3	150	87	277
2200	0	31	-8	1	0	1	3	3	153	153	342
4309	10	43	-15	2	540	1	3	3	155	342	249
2949	10	33	0	7	831	5	3	3	162	162	162
7049	0	79	0	1	11	1	3	3	162	249	12
5303	20	59	0	2	0	2	3	3	167	87	328
1301	0	25	-5	1	351	1	3	3	17	106	162
7039	0	79	0	1	0	2	3	3	17	267	342
4627	0	45	-5	1	0	1	3	3	17	336	161
3103	0	35	0	1	13	1	3	3	171	59	211
9021	10	91	0	1	0	2	3	3	171	60	176
2380	0	31	-12	1	45	1	3	3	171	8	342
8033	0	82	0	1	0	1	3	3	171	99	278
4482	10	47	-9	3	0	2	3	3	173	249	89
4470	10	44	-6	3	0	1	3	3	173	267	99
4353	10	43	-10	2	0	1	3	3	173	403	12
9221	0	91	0	4	0	1	3	3	175	180	400
8007	0	81	0	1	999	1	3	3	175	341	342
5471	10	54	-4	3	0	1	3	3	177	307	149
4449	10	44	-7	3	0	1	3	3	177	307	284
2039	0	31	-5	1	0	1	3	3	178	389	15
2296	0	31	-10	1	13	1	3	3	182	293	162
2144	0	32	-7	1	13	1	3	3	182	293	342
2201	0	32	-8	1	351	1	3	3	186	347	342
2175	0	32	-8	1	13	1	3	3	190	59	176
5031	0	45	-14	1	0	1	3	3	192	347	342
4522	10	42	-17	3	0	1	3	3	193	342	176
4222	10	40	-8	1	0	1	3	3	197	169	345
1219	0	25	-5	1	13	1	3	3	197	177	81
4050	0	45	-3	1	13	1	3	3	197	267	402
1015	0	20	-2	1	13	1	3	3	197	28	54
1435	20	23	-5	1	0	2	3	3	197	342	139
7099	10	79	0	1	0	2	3	3	197	86	123
4550	10	40	-6	3	0	1	3	3	201	342	1
1123	0	18	-2	1	13	1	3	3	204	110	342
5280	10	59	0	2	0	1	3	3	204	112	342
1561	0	13	-4	1	0	1	3	3	204	230	342
4284	0	42	-7	1	0	1	3	3	204	245	15
1707	10	22	0	5	0	1	3	3	204	245	342
4267	0	47	-6	1	0	1	3	3	204	267	402
4122	0	53	-7	1	13	1	3	3	205	102	162
3079	0	33	0	1	0	1	3	3	205	102	190
7078	0	79	0	1	13	1	3	3	205	104	162
2695	0	6	2	1	13	1	3	3	205	112	342
2225	0	32	-9	1	13	1	3	3	212	87	341
2082	0	32	-6	1	13	1	3	3	215	102	15
4096	0	48	-9	1	13	1	3	3	215	194	267
1136	0	25	-4	1	13	1	3	3	216	123	139
2868	10	31	-20	2	71	1	3	3	216	254	176
5088	0	59	0	1	0	1	3	3	221	127	344
1245	0	17	-6	1	13	1	3	3	221	267	342
2203	0	32	-8	1	13	1	3	3	23	86	15
4362	10	40	-5	2	0	1	3	3	233	342	176
4042	0	46	-3	1	13	1	3	3	244	17	252
1038	0	20	-3	1	13	1	3	3	244	17	336
3378	10	17	-3	5	0	1	3	3	245	184	252
2809	10	32	-4	2	0	1	3	3	245	336	252
1625	30	17	-10	2	95	1	3	3	245	342	1
7007	0	79	0	1	0	1	3	3	246	407	169
7006	0	79	0	1	0	1	3	3	248	406	169
4650	10	43	-12	2	0	1	3	3	249	162	342
2176	0	31	-8	1	13	1	3	3	249	162	391
5123	0	59	0	1	11	1	3	3	249	167	12
2600	0	31	-18	1	0	1	3	3	249	169	342
4447	10	44	-6	3	0	1	3	3	249	336	275
1437	0	25	-3	1	0	1	3	3	25	245	245
1325	20	24	-2	1	0	1	3	3	25	409	96
4461	10	42	-13	3	0	1	3	3	250	15	176
4220	0	41	-6	1	0	1	3	3	252	382	391
1132	0	26	-4	1	13	1	3	3	252	387	15
1201	0	17	-2	1	13	1	3	3	253	230	342
2242	0	31	-9	1	13	1	3	3	255	11	15
2341	0	31	-11	1	11	1	3	3	258	347	342
2468	0	31	-14	1	13	1	3	3	267	180	391
4427	10	53	-11	3	371	1	3	3	267	402	149
7112	0	79	0	1	0	1	3	3	267	99	113
1274	0	25	-5	1	11	1	3	3	267	99	207
6114	0	62	7	1	45	1	3	3	267	99	28
7095	0	79	0	1	0	2	3	3	267	99	375
7249	20	79	0	2	13	1	3	3	267	99	66
8025	0	82	0	1	65	1	3	3	267	99	73
1043	0	25	-5	1	13	1	3	3	27	297	12
2323	0	31	-11	1	13	1	3	3	271	125	59
1069	0	16	-3	1	13	1	3	3	28	180	402
1305	0	17	-3	1	65	1	3	3	28	267	342
5325	20	59	0	2	0	2	3	3	280	328	342
4249	0	40	-10	1	251	1	3	3	281	342	402
2633	0	31	-20	1	45	1	3	3	284	102	15
1285	0	16	-4	1	13	1	3	3	284	124	342
2289	0	31	-10	1	0	1	3	3	284	14	176
4549	10	40	-6	3	0	1	3	3	284	267	342
2579	0	31	-17	1	0	1	3	3	284	391	87
7111	0	79	0	1	0	1	3	3	284	99	173
2435	0	31	-13	1	13	1	3	3	285	325	211
5472	10	54	-1	3	930	1	3	3	286	87	15
2199	0	31	-8	1	13	1	3	3	286	99	68
2656	0	31	-21	1	13	1	3	3	290	267	402
4901	0	42	-6	6	0	1	3	3	293	244	393
2106	0	31	-6	1	0	1	3	3	295	87	19
2662	0	31	-21	1	0	1	3	3	3	352	176
1225	0	20	-3	1	13	1	3	3	301	155	211
2267	0	31	-10	1	13	1	3	3	306	114	162
4592	10	45	-6	3	0	1	3	3	307	387	342
4680	10	53	-7	2	0	1	3	3	311	15	176
1046	0	24	-4	1	13	1	3	3	311	211	176
2405	30	31	-12	1	0	1	3	3	319	32	162
7202	0	79	0	2	11	1	3	3	32	249	186
4347	10	40	-12	2	0	1	3	3	325	342	176
2851	20	31	-19	2	137	1	3	3	325	347	342
2472	0	31	-14	1	13	1	3	3	326	342	14
4653	20	46	-12	2	0	5	3	3	328	328	328
8202	0	81	0	4	0	1	3	3	328	53	342
5077	0	59	0	1	13	1	3	3	328	86	15
1206	0	17	-4	1	13	1	3	3	329	212	328
4240	0	42	-6	1	61	1	3	3	330	245	342
1128	0	22	-11	1	13	1	3	3	331	162	402
2105	0	31	-6	1	13	1	3	3	336	17	402
2844	10	31	-17	2	121	1	3	3	336	321	176
2517	0	31	-15	1	71	1	3	3	336	51	342
2015	0	32	-4	1	13	1	3	3	336	89	211
3302	10	25	0	5	0	2	3	3	336	89	87
4318	10	40	-5	2	0	1	3	3	341	342	176
4142	0	47	-8	1	13	1	3	3	341	8	342
2253	0	31	-9	1	13	1	3	3	344	347	342
3236	0	36	0	2	0	2	3	3	345	104	169
2616	0	31	-19	1	13	1	3	3	345	180	86
2061	0	32	-5	1	0	1	3	3	345	19	176
1070	0	22	-5	1	13	1	3	3	345	28	176
4801	0	59	0	4	0	1	3	3	345	347	342
2620	0	31	-19	1	13	1	3	3	345	409	94
6130	0	62	7	1	13	1	3	3	351	402	98
9102	0	91	0	4	0	1	3	3	365	111	342
4653	10	46	-12	2	0	1	3	3	373	341	342
4379	0	45	-4	2	0	1	3	3	373	342	176
5265	0	59	0	2	0	5	3	3	373	48	373
3223	0	33	0	2	0	1	3	3	373	8	342
4905	0	40	-3	2	0	5	3	3	373	8	373
4607	10	40	-13	2	0	2	3	3	375	375	15
2582	0	31	-17	1	13	1	3	3	375	375	342
2173	0	32	-8	1	13	1	3	3	379	245	245
4421	0	44	-6	3	171	1	3	3	379	307	176
3504	0	33	0	7	0	1	3	3	386	216	342
3501	0	33	0	7	984	1	3	3	387	135	342
1224	0	16	-4	1	13	1	3	3	387	296	342
1620	10	28	-2	2	443	1	3	3	387	342	176
2211	0	31	-8	1	13	1	3	3	387	87	60
4279	0	59	0	1	0	2	3	3	389	121	342
2506	0	31	-15	1	13	1	3	3	389	296	342
2699	0	8	0	1	0	1	3	3	389	342	91
1204	0	25	-5	1	13	1	3	3	389	389	176
2324	0	31	-11	1	0	1	3	3	389	65	211
2384	0	31	-12	1	999	1	3	3	389	67	211
1490	0	18	-5	1	11	1	3	3	391	391	342
2571	0	31	-17	1	13	1	3	3	391	81	176
4601	10	40	-10	2	135	2	3	3	391	99	40
1394	0	25	-7	1	0	1	3	3	394	402	98
2362	0	31	-12	1	31	1	3	3	398	217	342
4678	10	42	-17	2	0	1	3	3	403	187	87
4329	10	43	-7	2	0	1	3	3	403	294	15
4306	10	47	-1	2	710	1	3	3	403	87	342
2139	0	32	-7	1	13	1	3	3	406	162	176
5269	10	54	-1	2	0	1	3	3	409	96	171
2101	0	32	-6	1	0	1	3	3	41	161	391
5099	0	59	0	1	0	1	3	3	41	226	254
3251	0	38	0	4	0	1	3	3	41	245	342
2148	0	31	-7	1	13	1	3	3	41	304	176
4357	10	42	-3	2	0	1	3	3	42	15	176
5293	10	59	0	2	0	1	3	3	48	193	342
2241	0	31	-9	1	13	1	3	3	48	28	169
1195	0	18	0	1	13	1	3	3	48	342	130
3502	0	33	0	7	984	1	3	3	48	342	176
4578	10	42	-15	3	0	2	3	3	48	342	59
4307	10	40	-12	2	0	1	3	3	48	8	342
2549	0	31	-16	1	13	1	3	3	51	130	15
6304	0	62	-1	4	0	1	3	3	51	155	211
2004	0	31	-2	1	0	1	3	3	51	371	59
1194	0	25	-9	1	13	1	3	3	51	49	83
5466	10	59	0	3	0	1	3	3	53	347	342
2361	0	31	-12	1	13	1	3	3	54	19	81
5326	10	59	0	2	0	1	3	3	54	254	176
4280	0	47	-9	1	0	1	3	3	54	307	413
1083	0	25	-1	1	13	1	3	3	54	54	342
1474	0	26	-4	1	0	1	3	3	59	341	342
3248	20	39	0	2	0	1	3	3	59	35	176
2318	0	32	-11	1	0	1	3	3	59	394	176
2291	0	31	-10	1	0	1	3	3	59	48	342
2592	0	31	-18	1	13	1	3	3	59	59	12
9905	0	99	0	1	810	2	3	3	59	59	167
5321	10	59	0	2	0	1	3	3	59	66	176
2437	0	31	-13	7	0	1	3	3	6	267	99
2520	0	31	-15	1	13	1	3	3	65	113	342
1283	0	17	-2	1	13	1	3	3	65	135	342
1269	0	24	-16	1	13	1	3	3	65	216	254
2142	0	32	-7	1	0	1	3	3	65	222	254
2608	0	31	-18	1	13	1	3	3	65	327	342
2469	0	31	-14	1	13	1	3	3	65	342	224
1374	0	17	-2	1	71	1	3	3	65	348	342
1213	0	18	-4	1	13	1	3	3	65	387	342
2821	10	31	-10	2	0	1	3	3	65	48	342
1044	0	24	-2	1	13	1	3	3	65	53	342
4285	0	43	-8	1	0	1	3	3	65	67	211
1380	0	17	-6	1	251	1	3	3	65	70	211
5323	10	59	0	2	0	1	3	3	65	71	176
4489	10	45	-6	3	0	1	3	3	67	12	176
2502	0	31	-15	1	13	1	3	3	67	244	342
4670	10	40	0	2	0	1	3	3	67	294	342
4485	10	42	-15	3	0	1	3	3	67	347	342
2414	0	31	-13	1	0	1	3	3	67	348	342
4140	0	43	-15	1	13	1	3	3	67	72	204
4362	20	40	-5	2	0	1	3	3	67	72	211
7053	0	79	0	1	13	1	3	3	67	8	12
4497	10	42	-13	3	0	1	3	3	67	8	342
2375	0	31	-12	1	13	1	3	3	70	342	12
1308	0	25	0	1	45	1	3	3	70	72	388
2315	0	32	-10	1	0	1	3	3	72	169	342
3302	20	25	0	5	0	1	3	3	72	194	169
4659	10	41	-12	2	0	1	3	3	72	211	176
4360	10	45	-13	2	0	1	3	3	72	216	254
4410	10	41	-13	3	0	2	3	3	72	223	254
2409	0	31	-13	1	45	1	3	3	72	247	342
1208	0	18	-4	1	11	1	3	3	72	296	342
1075	0	24	-7	1	13	1	3	3	72	327	254
2534	0	31	-16	1	45	1	3	3	72	387	342
2196	0	32	-8	1	13	1	3	3	72	388	176
7101	0	79	0	1	13	1	3	3	72	48	342
1207	0	18	-3	1	13	1	3	3	76	104	169
8117	10	89	0	2	0	1	3	3	76	342	176
5471	20	54	-4	3	0	1	3	3	76	343	224
1338	0	17	-5	1	31	1	3	3	76	76	284
2527	0	31	-16	1	95	1	3	3	84	50	176
4683	10	42	-16	2	0	1	3	3	84	51	342
2587	10	31	-18	1	65	1	3	3	86	102	15
1218	0	18	0	1	13	1	3	3	86	2	12
4233	0	40	-17	1	31	1	3	3	86	230	211
2629	0	31	-19	1	13	1	3	3	86	260	342
5480	10	59	0	3	0	2	3	3	86	267	89
6234	0	62	11	2	0	2	3	3	86	336	321
1202	0	18	-4	1	13	1	3	3	86	336	75
2464	0	31	-14	1	13	1	3	3	86	387	402
1055	0	24	-5	1	13	1	3	3	86	397	169
1187	0	27	-6	1	13	1	3	3	86	48	342
1267	0	27	-2	1	13	1	3	3	86	98	130
4077	0	41	-8	1	13	1	3	3	87	141	169
1714	10	17	-3	5	0	1	3	3	87	155	169
4437	20	53	-11	3	0	2	3	3	87	253	194
4237	0	49	-15	1	31	1	3	3	87	284	342
5073	10	59	0	1	0	5	3	3	87	391	87
3213	0	33	0	2	0	2	3	3	87	59	342
2452	0	31	-13	1	13	1	3	3	87	59	71
4556	10	40	-5	3	910	1	3	3	87	60	176
8059	0	82	0	1	0	1	3	3	89	2	162
5283	20	59	0	2	0	1	3	3	89	328	28
8220	0	89	0	4	0	1	3	3	89	375	162
4448	20	41	-6	3	0	1	3	3	95	328	59
4452	20	41	-6	3	0	1	3	3	95	59	328
2021	0	32	-4	1	13	1	3	3	99	380	342
1084	0	4	-12	1	13	1	4	4	1	1	379	194
4462	10	45	-16	3	0	1	4	4	100	17	15	176
7240	0	79	0	2	0	1	4	4	100	17	8	342
4605	10	42	-4	2	0	1	4	4	102	136	342	176
4464	10	40	-15	3	0	1	4	4	102	137	87	249
1339	0	24	-3	1	31	1	4	4	102	17	8	342
1542	0	13	-6	1	45	1	4	4	102	216	245	245
2240	0	31	-9	1	0	1	4	4	102	25	245	245
2088	0	32	-6	1	13	1	4	4	102	36	245	245
3351	10	33	0	5	0	1	4	4	102	59	8	342
4519	10	42	-6	3	0	1	4	4	103	403	342	176
4138	0	49	-14	1	13	1	4	4	103	403	347	342
4477	10	53	-2	3	0	1	4	4	103	403	87	342
2090	0	32	-6	1	45	1	4	4	106	162	51	130
1266	0	17	-5	1	13	1	4	4	106	17	391	87
2254	0	31	-9	1	13	1	4	4	106	287	342	1
2924	0	31	-24	6	0	2	4	4	108	342	1	375
4356	10	43	-16	2	0	2	4	4	109	59	211	176
1703	10	22	0	5	0	1	4	4	112	194	327	342
4369	10	42	-13	2	910	1	4	4	114	193	342	176
4444	10	44	-4	3	0	1	4	4	119	87	342	176
2121	0	33	-7	1	13	1	4	4	124	25	176	342
2152	0	31	-7	1	13	1	4	4	124	84	402	342
4679	10	40	-8	2	0	1	4	4	136	193	342	176
4427	20	53	-11	3	371	1	4	4	142	403	87	342
9205	0	91	0	1	0	1	4	4	150	123	102	190
4843	0	56	-5	4	0	1	4	4	150	123	104	169
6120	0	62	10	1	71	1	4	4	150	123	228	342
4110	0	40	-16	1	11	1	4	4	150	123	48	342
4010	0	40	-4	1	13	1	4	4	150	197	252	391
2702	0	7	-1	1	13	1	4	4	155	402	3	176
2950	10	33	0	7	831	5	4	4	162	162	162	162
7201	10	79	0	2	13	1	4	4	169	169	169	1
1348	0	22	-4	1	351	1	4	4	17	293	197	60
1018	20	17	-2	1	13	1	4	4	17	336	189	252
2482	0	31	-14	7	0	1	4	4	17	48	342	176
4130	0	42	-6	1	13	1	4	4	170	75	245	245
4583	10	44	-11	3	0	1	4	4	171	198	87	284
2605	0	31	-18	1	11	1	4	4	171	59	341	342
1531	0	24	-4	7	981	1	4	4	171	59	342	176
1805	10	20	-9	5	0	1	4	4	171	59	407	169
2444	0	31	-13	1	13	1	4	4	171	8	342	176
4603	10	41	-9	2	0	1	4	4	171	8	391	252
1117	0	20	-7	1	11	1	4	4	173	59	2	12
4684	10	42	-13	2	0	2	4	4	175	176	211	176
2159	0	31	-7	1	0	1	4	4	175	230	53	15
4331	10	44	-6	2	0	1	4	4	175	230	53	342
2810	20	32	-11	2	0	1	4	4	178	389	15	176
1410	0	22	-4	1	0	1	4	4	18	211	126	169
3113	0	36	0	1	13	1	4	4	180	123	72	211
2515	0	31	-15	1	0	1	4	4	184	249	345	98
3512	0	33	0	9	0	1	4	4	188	302	78	202
2595	0	31	-18	1	13	1	4	4	196	123	87	30
2807	20	33	0	2	0	1	4	4	202	294	336	321
1262	0	25	-4	1	13	1	4	4	202	51	342	316
4338	10	40	-6	2	0	1	4	4	204	112	342	176
2063	0	32	-5	1	11	1	4	4	204	112	347	342
4689	10	53	-5	2	0	1	4	4	204	150	193	342
5282	10	59	0	2	0	1	4	4	204	230	342	176
7077	0	79	0	1	0	1	4	4	204	245	342	1
1708	10	20	0	5	0	1	4	4	204	245	358	342
8055	0	81	0	1	0	1	4	4	204	367	342	176
4455	10	45	-6	3	0	1	4	4	205	267	342	176
4454	20	40	-12	3	0	1	4	4	205	367	342	176
1129	0	28	-1	1	13	1	4	4	215	287	102	15
3118	0	36	0	1	13	1	4	4	215	87	50	342
2198	0	31	-8	1	13	1	4	4	216	123	109	162
1412	20	27	-2	1	0	1	4	4	216	123	149	342
3068	0	33	0	1	13	1	4	4	216	123	222	254
8004	0	89	0	1	14	2	4	4	216	98	319	342
4583	20	44	-11	3	0	1	4	4	217	81	347	342
3112	0	36	0	1	13	1	4	4	218	343	87	60
2651	0	31	-21	1	112	2	4	4	219	381	252	391
6123	0	62	9	1	13	1	4	4	244	162	176	401
5124	0	59	0	1	13	1	4	4	244	51	130	176
1248	0	1	0	1	13	1	4	4	245	245	330	176
2025	0	31	-4	1	0	1	4	4	245	98	112	169
4161	0	40	-13	1	13	1	4	4	249	162	342	176
8201	0	81	0	4	0	1	4	4	249	167	342	176
4498	10	41	-10	3	0	1	4	4	249	402	24	327
3154	0	37	0	1	13	1	4	4	253	230	358	342
4701	10	41	-6	2	0	2	4	4	253	244	193	56
4163	0	52	-2	1	13	1	4	4	254	98	380	32
4411	20	42	-17	3	0	1	4	4	258	347	342	176
4344	10	42	-5	2	0	1	4	4	263	343	113	342
1360	0	26	-3	1	361	1	4	4	263	343	173	12
2634	0	31	-20	1	13	1	4	4	264	9	342	1
1183	0	18	0	1	13	1	4	4	265	343	326	342
4085	0	40	-5	1	13	1	4	4	267	402	102	162
2304	0	31	-10	1	71	1	4	4	267	402	25	15
1103	0	16	0	1	13	1	4	4	267	402	59	211
1091	0	24	-6	1	17	1	4	4	267	99	102	162
1143	0	18	0	1	11	1	4	4	267	99	104	162
1246	0	18	-3	1	13	1	4	4	267	99	104	169
1131	0	20	-5	1	13	1	4	4	267	99	106	162
1157	0	20	-4	1	13	1	4	4	267	99	107	162
2262	0	31	-10	1	11	1	4	4	267	99	113	342
1127	0	17	-2	1	13	1	4	4	267	99	124	12
2100	0	31	-6	1	0	1	4	4	267	99	124	169
1086	0	18	-2	1	13	1	4	4	267	99	124	342
1451	0	22	-3	1	0	1	4	4	267	99	155	169
2630	0	31	-19	1	13	1	4	4	267	99	17	38
1465	0	20	-1	1	0	1	4	4	267	99	174	342
5508	0	50	0	4	0	2	4	4	267	99	194	342
5046	0	45	-9	1	0	1	4	4	267	99	2	14
2677	0	31	-24	1	31	1	4	4	267	99	22	297
2060	0	32	-5	1	13	1	4	4	267	99	222	254
2276	0	31	-9	1	11	1	4	4	267	99	28	1
2102	0	31	-6	1	13	1	4	4	267	99	348	342
1563	0	24	-8	1	45	1	4	4	267	99	48	12
1232	0	30	-3	1	13	1	4	4	267	99	48	342
2590	0	31	-18	1	71	1	4	4	267	99	59	211
4117	0	47	-3	1	13	1	4	4	267	99	65	388
2132	0	32	-7	1	31	1	4	4	267	99	70	211
2067	0	32	-5	1	13	1	4	4	267	99	70	388
2503	0	31	-15	1	13	1	4	4	267	99	76	12
1228	0	24	-10	1	13	1	4	4	267	99	76	15
7278	0	79	0	2	251	1	4	4	267	99	86	5
6211	0	62	7	1	0	1	4	4	267	99	87	60
3234	10	35	0	2	45	1	4	4	28	326	328	283
1311	10	18	0	1	45	1	4	4	284	106	287	342
1294	0	25	-2	1	11	1	4	4	284	99	348	342
1118	0	3	-8	1	13	1	4	4	286	25	176	342
5518	0	58	0	4	0	1	4	4	287	102	134	137
2012	0	31	-3	1	13	1	4	4	287	112	194	342
1471	30	16	-9	9	0	1	4	4	287	136	323	287
4328	10	43	-4	2	0	1	4	4	287	319	134	86
2295	0	31	-10	1	13	1	4	4	292	343	180	140
1361	0	24	-5	1	361	1	4	4	293	123	102	162
3098	0	35	0	1	13	1	4	4	293	123	209	381
2314	0	31	-11	1	31	1	4	4	293	123	342	87
2501	0	31	-15	1	11	1	4	4	293	123	343	250
4114	0	49	-11	1	13	1	4	4	295	345	104	169
2316	0	31	-11	1	19	1	4	4	305	123	87	60
2035	0	31	-4	1	13	1	4	4	328	328	176	176
1475	10	28	-3	1	0	1	4	4	328	328	267	99
2234	0	31	-9	1	23	1	4	4	336	162	100	66
1464	0	18	-2	1	0	1	4	4	336	341	327	15
1711	10	20	-1	5	0	1	4	4	336	89	296	342
1560	0	20	-3	2	0	1	4	4	336	89	87	373
4322	10	40	-9	2	0	1	4	4	337	294	15	176
4069	0	47	-5	1	11	1	4	4	345	341	189	252
4099	0	47	-6	1	13	1	4	4	373	249	169	342
3145	0	8	0	1	999	1	4	4	386	171	59	211
1622	0	16	-2	2	0	1	4	4	387	192	347	342
2272	0	31	-9	1	13	1	4	4	387	67	348	342
1173	0	18	-4	1	13	1	4	4	387	72	211	176
8023	0	82	0	1	0	1	4	4	387	72	48	342
2589	0	31	-18	1	13	1	4	4	389	336	89	211
3313	20	33	0	5	0	2	4	4	389	72	326	342
1467	0	25	-4	1	0	1	4	4	389	72	407	169
1701	10	22	0	5	0	1	4	4	389	72	48	342
1192	0	22	-3	1	13	1	4	4	391	123	124	342
5299	10	54	0	2	0	1	4	4	391	123	216	254
1335	0	18	0	1	31	1	4	4	391	123	223	342
7047	0	79	0	1	13	1	4	4	391	123	25	15
2065	0	31	-5	1	13	1	4	4	391	123	348	342
1189	0	25	-5	1	13	1	4	4	391	123	86	4
4253	0	40	-11	1	113	1	4	4	391	403	87	342
2349	0	31	-11	1	13	1	4	4	391	97	268	137
1221	0	18	-4	1	13	1	4	4	391	97	294	375
1061	0	16	-11	1	13	1	4	4	391	98	336	162
2572	0	31	-17	1	13	1	4	4	391	99	102	162
1076	0	24	-4	1	13	1	4	4	391	99	104	162
2387	0	31	-12	1	0	1	4	4	391	99	104	169
2268	0	31	-9	1	45	1	4	4	391	99	214	342
4370	10	53	-4	2	0	1	4	4	391	99	226	254
1074	0	24	-5	1	13	1	4	4	391	99	289	342
2531	0	31	-16	1	999	1	4	4	391	99	294	342
1200	0	16	-7	1	13	1	4	4	391	99	327	342
4813	0	59	0	4	0	1	4	4	391	99	53	342
1148	0	20	-6	1	13	1	4	4	391	99	62	342
1327	0	25	-4	1	31	1	4	4	391	99	70	211
7096	0	79	0	1	13	1	4	4	391	99	86	171
5070	0	59	0	1	13	1	4	4	395	99	104	169
1559	0	15	0	2	0	1	4	4	397	99	216	254
1449	0	25	-6	1	0	1	4	4	40	97	104	169
7063	0	79	0	1	0	1	4	4	400	344	102	169
2114	0	32	-6	1	13	1	4	4	403	87	319	249
1037	0	25	-1	1	13	1	4	4	409	96	19	391
9201	0	91	0	1	104	1	4	4	43	180	99	66
4419	10	53	-1	3	0	1	4	4	48	193	342	176
3078	10	33	0	1	11	1	4	4	48	336	51	342
3122	0	36	0	1	113	1	4	4	48	336	89	211
1125	0	27	-5	1	13	1	4	4	48	342	375	60
1013	0	16	-3	1	13	1	4	4	51	130	149	342
4447	20	44	-6	3	0	1	4	4	51	130	15	176
2183	0	32	-8	1	0	1	4	4	53	171	59	211
5057	0	54	-8	1	0	1	4	4	54	123	112	169
1182	0	25	-7	1	13	1	4	4	57	209	343	5
4644	0	44	0	2	371	2	4	4	59	127	15	176
7274	0	79	0	2	13	1	4	4	59	28	336	182
1628	10	16	-6	2	45	1	4	4	59	403	87	342
1628	20	16	-6	2	113	1	4	4	59	53	216	254
4324	10	40	-13	2	0	1	4	4	59	59	155	211
1277	0	28	-1	1	13	1	4	4	65	171	59	211
4076	0	40	-5	1	13	1	4	4	65	182	293	342
5222	10	53	-3	2	0	1	4	4	65	249	162	342
1040	0	26	-4	1	13	1	4	4	65	249	169	342
4415	20	53	-11	3	900	1	4	4	65	341	342	176
4343	20	42	-9	2	11	1	4	4	65	59	48	342
2186	0	31	-8	1	45	1	4	4	65	67	121	12
2410	0	31	-13	1	45	1	4	4	65	67	233	342
7056	0	79	0	1	0	1	4	4	65	67	294	342
4442	20	41	-6	3	0	1	4	4	65	67	342	1
3074	0	33	0	1	13	1	4	4	65	67	59	211
7057	0	79	0	1	890	1	4	4	65	72	222	254
3317	10	33	0	5	0	1	4	4	65	72	62	342
4342	10	40	-12	2	0	1	4	4	65	8	342	176
9022	10	91	0	2	13	1	4	4	65	87	284	342
4321	10	42	-7	2	0	1	4	4	67	135	347	342
1198	0	27	-6	1	13	1	4	4	67	171	59	211
1616	20	17	-8	2	981	1	4	4	67	171	8	342
3165	0	39	0	1	13	1	4	4	67	204	155	211
4445	10	53	-5	3	0	2	4	4	67	244	149	342
4487	10	42	-18	3	0	1	4	4	67	244	342	176
2345	0	31	-11	1	0	1	4	4	67	25	245	245
4125	0	42	-9	1	13	1	4	4	67	301	155	211
1320	0	16	-5	1	45	1	4	4	67	65	159	342
4467	0	40	-12	3	0	1	4	4	67	65	342	1
4471	20	53	-4	3	0	2	4	4	67	70	211	176
1053	0	16	-3	1	13	1	4	4	67	72	342	139
6228	0	62	7	1	13	1	4	4	67	8	342	12
2848	10	31	-13	2	0	1	4	4	67	8	342	176
5087	0	59	0	1	13	1	4	4	70	327	128	342
5277	10	59	0	2	0	1	4	4	70	48	342	176
4312	10	40	-4	2	0	1	4	4	70	53	48	342
1415	0	26	-5	1	0	1	4	4	72	121	358	342
1295	0	22	0	1	13	1	4	4	72	48	342	1
1156	0	16	-13	1	13	1	4	4	72	71	121	342
2087	0	32	-6	1	13	1	4	4	72	87	284	342
4024	0	46	-5	1	13	1	4	4	75	180	391	252
2422	0	31	-13	1	13	1	4	4	83	125	286	391
8054	0	81	0	1	351	1	4	4	84	127	343	163
1535	0	20	-3	1	71	1	4	4	86	124	344	68
2397	0	31	-12	1	0	1	4	4	86	136	267	342
4148	0	44	-6	1	13	1	4	4	86	175	176	211
4628	0	57	-3	1	0	1	4	4	86	178	389	15
5102	0	59	0	1	13	1	4	4	86	210	267	402
1190	0	25	-3	1	13	1	4	4	86	28	233	59
6213	0	62	7	1	13	1	4	4	86	293	176	342
4484	10	45	-14	3	0	1	4	4	86	325	15	176
4409	0	44	-8	3	0	1	4	4	86	326	15	176
1168	0	17	-6	1	13	1	4	4	86	336	89	211
2941	0	33	0	7	0	1	4	4	86	347	342	176
1263	0	18	-2	1	13	1	4	4	86	67	294	342
4615	0	44	-5	1	13	1	4	4	86	67	342	1
2526	0	31	-16	1	0	1	4	4	86	67	8	342
1385	0	3	-2	1	231	1	4	4	86	98	347	342
8009	0	81	0	1	13	1	4	4	87	244	206	86
4135	0	46	0	1	13	1	4	4	87	28	257	99
2929	30	32	-8	4	0	1	4	4	87	343	97	169
1205	0	26	-4	1	13	1	4	4	87	403	87	15
1120	0	18	0	1	13	1	4	4	87	59	296	342
4143	0	47	-8	1	13	1	4	4	87	59	342	1
2913	10	31	-6	5	0	1	4	4	87	59	348	342
2905	20	31	-12	5	0	1	4	4	87	59	48	342	
4239	0	40	-10	1	61	1	4	4	89	106	287	342	
2905	10	31	-12	5	0	1	4	4	89	328	287	319	
8008	0	81	0	1	13	1	4	4	89	89	12	274	
4355	10	53	-4	2	0	1	4	4	9	48	8	342	
1532	0	20	-12	7	0	1	4	4	95	328	2	12	
1625	20	17	-10	2	11	1	4	4	98	319	51	130	
7086	0	79	0	1	13	2	5	5	100	47	99	98	173
1116	0	2	-6	1	13	1	5	5	102	17	8	342	176
2486	0	31	-15	1	13	1	5	5	102	217	403	347	342
2594	0	31	-18	1	13	1	5	5	102	59	249	162	342
2902	20	31	-11	5	0	1	5	5	102	59	249	169	342
4164	0	41	-10	1	13	1	5	5	102	59	342	1	176
1051	0	17	-6	1	13	1	5	5	106	178	254	99	163
6111	0	62	7	1	0	1	5	5	107	17	87	391	87
1309	0	17	-4	1	41	1	5	5	109	169	97	51	182
9904	0	99	0	1	41	1	5	5	11	326	21	21	153
1393	0	17	-3	1	0	1	5	5	112	194	8	140	342
4047	0	41	-6	1	13	1	5	5	116	169	48	8	342
2336	0	31	-11	1	0	1	5	5	121	406	169	222	254
1470	0	18	-2	1	0	1	5	5	121	65	72	259	342
2094	0	31	-6	1	0	1	5	5	124	247	387	259	342
2155	0	31	-7	1	31	1	5	5	124	409	96	342	1
4337	10	42	-1	2	0	1	5	5	127	342	176	403	340
1155	0	24	-3	1	13	1	5	5	127	343	67	59	211
4227	0	40	-7	1	71	1	5	5	127	55	84	402	212
4631	0	46	0	1	0	1	5	5	136	247	204	110	342
2257	0	31	-9	1	65	1	5	5	139	99	15	244	342
7204	0	79	0	2	13	1	5	5	150	123	105	17	169
2074	0	32	-6	1	13	1	5	5	150	123	228	342	1
1100	0	3	-10	1	13	1	5	5	150	123	293	51	342
4230	0	47	-8	1	71	1	5	5	150	123	302	155	211
1235	0	28	-7	1	13	1	5	5	150	123	65	67	73
4346	10	59	0	2	0	1	5	5	150	123	67	244	342
7247	10	79	0	2	0	1	5	5	150	123	67	72	211
2222	0	32	-8	1	470	1	5	5	150	123	70	294	342
1095	0	25	-1	1	13	1	5	5	150	123	70	389	342
1106	0	17	-3	1	13	1	5	5	150	123	86	343	319
1048	0	18	-3	1	13	1	5	5	150	162	100	87	60
1333	0	20	-7	1	31	1	5	5	150	297	345	53	342
2023	0	32	-4	1	13	1	5	5	150	98	178	389	15
7082	0	79	0	1	0	1	5	5	153	153	171	59	211
4368	10	57	-5	2	910	2	5	5	153	153	48	342	176
3022	0	33	0	1	13	1	5	5	161	202	409	336	342
2538	0	31	-16	1	13	1	5	5	162	1	162	48	342
2322	0	31	-11	1	31	1	5	5	162	162	162	162	15
2666	0	31	-22	1	13	1	5	5	17	162	99	124	342
7032	0	79	0	1	0	1	5	5	17	169	123	102	190
8040	0	82	0	1	14	1	5	5	17	230	99	356	180
3105	0	34	0	1	13	1	5	5	17	293	197	336	249
2292	0	31	-10	1	0	1	5	5	17	345	25	245	245
9846	0	98	0	1	41	1	5	5	171	387	97	341	107
1450	0	25	-4	1	0	1	5	5	171	59	17	261	86
2143	0	32	-7	1	13	1	5	5	171	59	182	293	211
1068	0	26	-1	1	13	1	5	5	171	59	336	89	211
4325	10	40	-7	2	0	1	5	5	171	8	342	1	176
5460	10	41	-6	3	0	1	5	5	173	59	342	347	176
4448	10	41	-6	3	0	1	5	5	173	59	347	342	176
5080	0	59	0	1	13	1	5	5	173	99	102	53	342
2216	0	31	-8	1	45	1	5	5	175	180	99	338	342
2370	0	31	-12	1	45	1	5	5	175	28	99	102	162
9901	0	99	0	1	45	1	5	5	178	53	97	342	342
2191	0	31	-8	1	13	1	5	5	181	319	97	102	190
2428	0	31	-13	1	0	1	5	5	182	342	98	75	14
6230	0	62	9	1	13	1	5	5	186	293	99	109	342
2075	0	32	-6	1	690	1	5	5	186	333	99	59	211
2391	0	31	-12	1	0	1	5	5	194	99	336	89	211
1388	0	20	-9	1	11	1	5	5	197	249	343	67	211
2626	20	31	-19	1	31	1	5	5	197	86	99	102	162
2355	0	31	-12	1	13	1	5	5	198	302	343	113	342
3217	0	33	0	2	13	1	5	5	199	99	106	287	342
2185	0	31	-8	1	13	1	5	5	203	344	66	375	89
2097	0	32	-6	1	0	1	5	5	204	245	102	287	342
7244	0	79	0	2	13	1	5	5	204	245	358	342	12
3106	10	36	0	1	13	1	5	5	205	261	99	387	68
6210	0	62	7	1	13	1	5	5	205	373	86	373	12
2134	0	31	-7	1	11	1	5	5	208	97	86	2	12
4315	10	56	-2	2	0	1	5	5	210	169	99	67	211
2490	0	31	-15	1	13	1	5	5	210	180	99	47	211
2390	0	31	-12	1	45	1	5	5	215	17	310	249	307
1072	0	25	-2	1	13	1	5	5	215	298	9	342	1
1233	0	26	-3	1	13	1	5	5	216	123	127	347	342
4026	0	45	-7	1	13	1	5	5	216	123	67	342	139
2122	0	32	-7	1	690	1	5	5	216	123	87	294	342
4599	0	46	-16	9	0	1	5	5	216	33	87	252	391
2334	0	31	-11	1	45	1	5	5	219	178	67	244	342
4669	0	47	-7	2	0	1	5	5	219	209	343	106	169
1035	0	18	-5	1	13	1	5	5	219	381	99	109	162
2417	0	31	-13	1	13	1	5	5	234	287	162	343	68
2679	0	31	-24	1	0	1	5	5	238	267	99	121	342
1122	0	26	-5	1	13	1	5	5	242	342	98	292	342
8051	0	81	0	1	13	1	5	5	244	343	112	194	342
4642	20	53	-5	2	0	1	5	5	245	245	307	342	176
1159	0	28	-5	1	13	1	5	5	245	245	343	104	162
1121	0	20	-6	1	13	1	5	5	245	53	99	175	12
7102	0	79	0	1	13	1	5	5	247	267	99	186	211
2300	0	32	-10	1	13	1	5	5	249	162	343	296	342
1539	0	25	-2	1	13	1	5	5	249	162	402	89	89
4260	0	43	-19	1	0	1	5	5	249	28	99	216	254
1056	0	1	0	1	13	1	5	5	249	336	75	245	245
2045	10	31	-5	1	95	1	5	5	250	264	127	347	342
1346	0	17	-8	1	113	1	5	5	253	230	99	106	162
9832	0	98	0	1	41	1	5	5	254	74	297	184	3
7094	0	79	0	1	11	1	5	5	258	347	342	98	141
1227	10	12	-2	1	13	1	5	5	264	109	162	176	176
2359	0	31	-11	1	23	1	5	5	264	17	171	8	342
3115	0	36	0	1	71	1	5	5	264	302	253	230	342
2131	0	31	-7	1	113	1	5	5	264	341	347	342	1
1606	0	28	-5	2	11	1	5	5	264	387	336	89	211
2574	0	31	-17	1	13	1	5	5	264	65	59	342	1
5056	20	54	0	1	13	1	5	5	267	343	67	244	342
2635	0	31	-20	1	13	1	5	5	267	402	123	102	15
4477	20	53	-2	3	0	1	5	5	267	402	149	89	328
4485	20	42	-15	3	0	1	5	5	267	402	149	95	328
2706	0	31	-18	1	31	1	5	5	267	402	87	294	342
1203	0	17	-4	1	11	1	5	5	267	402	97	137	395
7005	0	79	0	1	13	1	5	5	267	402	99	124	162
2648	0	31	-20	1	71	1	5	5	267	99	104	162	242
1019	0	20	-5	1	13	1	5	5	267	99	104	59	211
2478	0	31	-14	1	13	1	5	5	267	99	112	194	342
1078	0	28	-6	1	13	1	5	5	267	99	124	25	342
2631	0	31	-19	1	13	1	5	5	267	99	153	153	342
2476	0	31	-14	1	13	1	5	5	267	99	171	8	342
2485	0	31	-15	1	0	1	5	5	267	99	174	176	211
2674	0	31	-23	1	13	1	5	5	267	99	175	176	211
1466	0	25	-1	1	0	1	5	5	267	99	204	110	342
2680	0	31	-24	1	13	1	5	5	267	99	204	230	342
1022	0	15	0	1	13	1	5	5	267	99	204	367	342
2051	0	32	-5	1	13	1	5	5	267	99	258	347	342
1162	0	17	-3	1	13	1	5	5	267	99	289	347	342
2408	0	31	-12	1	0	2	5	5	267	99	331	162	402
1181	0	4	-10	1	13	1	5	5	267	99	336	51	342
2251	0	32	-9	1	13	1	5	5	267	99	336	89	211
3111	0	36	0	1	13	1	5	5	267	99	387	162	375
6206	0	62	10	1	13	1	5	5	267	99	387	65	211
4112	0	44	-3	1	13	1	5	5	267	99	387	72	211
1334	0	28	-6	1	31	1	5	5	267	99	41	245	342
2288	0	31	-10	1	0	1	5	5	267	99	48	233	342
2177	0	31	-8	1	13	1	5	5	267	99	48	342	1
1554	0	24	-2	1	13	1	5	5	267	99	59	211	242
4232	0	51	0	1	31	1	5	5	267	99	59	59	211
4057	0	42	-2	1	13	1	5	5	267	99	65	135	342
1158	0	2	-5	1	13	1	5	5	267	99	65	222	254
1098	0	28	-3	1	13	1	5	5	267	99	65	347	342
4088	0	40	-4	1	13	1	5	5	267	99	65	359	342
2523	0	31	-16	1	13	1	5	5	267	99	65	59	211
4343	10	42	-9	2	11	1	5	5	267	99	67	135	342
1367	0	22	-4	1	71	1	5	5	267	99	67	175	206
1096	0	18	0	1	13	1	5	5	267	99	67	216	254
2618	0	31	-19	1	13	1	5	5	267	99	67	244	342
4314	10	40	-7	2	0	1	5	5	267	99	67	294	342
1351	0	25	-5	1	95	1	5	5	267	99	67	296	342
3121	0	36	0	1	95	1	5	5	267	99	67	48	342
4092	0	42	-6	1	13	1	5	5	267	99	70	222	254
7088	0	79	0	1	13	1	5	5	267	99	70	348	342
1328	0	25	-2	1	31	1	5	5	267	99	72	192	342
7066	0	79	0	1	11	1	5	5	267	99	72	342	1
9001	0	91	0	1	13	1	5	5	267	99	72	387	342
9121	0	91	0	1	13	1	5	5	267	99	86	325	12
2504	0	31	-15	1	71	1	5	5	267	99	86	72	211
4268	0	40	-3	1	0	1	5	5	267	99	87	326	342
6224	0	62	8	1	13	1	5	5	267	99	87	48	342
1551	0	17	-3	1	351	1	5	5	267	99	87	59	211
4035	0	53	-4	1	13	1	5	5	267	99	9	342	1
2450	0	31	-13	1	251	1	5	5	267	99	98	347	342
4113	0	53	-1	1	13	1	5	5	27	345	72	53	342
2449	0	31	-13	1	13	1	5	5	28	162	343	48	342
4107	0	42	-14	1	13	1	5	5	28	277	99	104	169
1387	0	24	-5	1	280	1	5	5	286	123	59	211	242
1416	0	26	-2	1	0	1	5	5	286	99	204	230	342
7042	0	79	0	1	0	2	5	5	286	99	47	347	342
8021	0	82	0	1	13	1	5	5	287	102	59	342	1
8034	0	81	0	1	13	1	5	5	287	373	171	341	342
9811	0	98	0	2	13	1	5	5	29	336	99	104	162
2621	0	31	-19	1	13	1	5	5	291	343	336	51	342
5310	10	59	0	2	0	1	5	5	293	123	343	102	169
6222	0	62	9	1	13	1	5	5	293	123	343	102	190
2298	0	31	-10	1	45	1	5	5	293	123	343	112	162
1212	0	25	-2	1	13	1	5	5	293	123	343	128	342
1234	0	13	-5	1	13	1	5	5	293	123	343	173	342
2010	0	31	-3	1	13	1	5	5	293	123	343	216	254
1160	0	27	-9	1	13	1	5	5	293	123	343	230	342
2070	0	32	-5	1	13	1	5	5	293	123	343	289	342
2650	0	31	-21	1	13	1	5	5	293	123	343	294	342
4404	10	43	-15	3	0	2	5	5	293	123	343	48	15
1029	0	17	-5	1	13	1	5	5	293	123	344	102	402
2930	10	32	-6	4	0	1	5	5	293	123	345	98	174
4283	0	42	-2	1	0	1	5	5	293	293	293	342	126
4327	10	42	-2	2	0	1	5	5	293	59	307	268	176
1439	0	25	-8	1	0	1	5	5	296	342	98	109	169
2475	0	31	-14	1	13	1	5	5	30	402	99	415	342
4139	0	40	-10	1	11	1	5	5	305	123	249	162	342
2615	0	31	-18	1	31	1	5	5	307	180	87	261	87
2344	0	31	-11	1	13	1	5	5	307	343	65	67	12
8016	0	81	0	1	0	1	5	5	307	86	99	98	107
2657	0	31	-21	1	13	1	5	5	319	32	99	102	162
2347	0	31	-11	1	261	1	5	5	319	402	99	176	176
2643	0	31	-20	1	0	1	5	5	323	344	65	296	342
4132	0	49	-4	1	13	1	5	5	328	343	249	162	342
4147	0	40	-12	1	13	1	5	5	328	343	89	294	342
2140	0	31	-7	1	243	1	5	5	330	176	99	124	342
3001	0	1	0	1	13	1	5	5	336	162	100	86	15
2628	0	31	-19	1	13	1	5	5	336	209	391	124	12
5497	10	59	0	3	0	1	5	5	336	244	193	12	176
5292	10	59	0	2	0	1	5	5	336	51	8	342	176
1704	20	13	0	5	101	1	5	5	336	89	296	342	98
2213	0	31	-8	1	0	1	5	5	336	89	98	358	342
4350	10	53	-4	2	0	1	5	5	340	94	343	389	342
6223	0	62	10	1	13	1	5	5	341	197	123	406	162
1175	0	20	-3	1	11	1	5	5	343	245	245	175	180
2474	0	31	-14	1	13	1	5	5	343	267	402	205	267
2463	0	31	-14	1	31	1	5	5	343	391	99	387	342
2350	0	31	-11	1	0	1	5	5	345	98	25	245	245
2861	10	31	-14	2	0	1	5	5	35	63	129	233	277
2432	0	31	-13	1	13	1	5	5	350	99	341	387	60
9101	0	91	0	4	0	1	5	5	365	216	342	414	59
2246	0	31	-9	1	13	1	5	5	372	99	403	87	342
2940	0	33	0	7	981	1	5	5	384	384	307	342	176
4123	10	43	-14	1	0	1	5	5	384	99	205	245	342
2232	0	31	-9	1	13	1	5	5	386	65	59	327	342
2923	20	31	-24	6	0	4	5	5	387	12	104	106	312
1147	0	25	-3	1	11	1	5	5	387	66	336	89	211
4657	0	40	-8	2	11	1	5	5	387	72	87	294	342
1161	0	17	-4	1	13	1	5	5	389	182	293	327	342
2221	0	31	-9	1	0	1	5	5	389	65	67	296	342
7105	0	79	0	1	0	2	5	5	389	70	99	287	59
2445	0	33	-13	1	65	1	5	5	391	1	134	86	415
1543	0	17	-1	1	13	1	5	5	391	123	171	59	211
1444	0	20	-2	1	0	1	5	5	391	123	247	258	302
2411	0	31	-13	1	251	1	5	5	391	123	336	89	211
3091	0	35	0	1	13	1	5	5	391	123	387	72	211
1134	0	28	0	1	13	1	5	5	391	123	59	53	342
2498	0	31	-15	1	13	1	5	5	391	123	70	53	342
2625	0	31	-19	1	13	1	5	5	391	123	86	68	176
1405	0	16	-3	1	0	1	5	5	391	97	234	8	342
4078	0	42	-5	1	13	1	5	5	391	97	67	127	342
4134	0	44	-7	1	13	1	5	5	391	99	106	287	342
4116	0	47	-20	1	13	1	5	5	391	99	109	59	12
1344	0	25	-4	1	113	1	5	5	391	99	112	194	342
2691	0	34	-19	1	13	1	5	5	391	99	112	197	342
8104	10	82	0	2	0	1	5	5	391	99	162	267	342
2168	0	32	-8	1	13	1	5	5	391	99	171	8	342
2684	0	31	-25	1	112	1	5	5	391	99	228	162	242
2867	0	31	-13	2	31	1	5	5	391	99	249	162	342
5085	0	59	0	1	0	1	5	5	391	99	336	256	342
4340	10	40	-8	2	0	1	5	5	391	99	40	89	328
2147	0	32	-7	1	13	1	5	5	391	99	406	162	242
2164	0	31	-8	1	0	1	5	5	391	99	59	8	342
4673	10	44	-6	2	0	1	5	5	391	99	67	72	211
4043	0	45	-7	1	11	1	5	5	391	99	9	342	1
3044	0	33	0	1	0	1	5	5	391	99	98	296	342
1330	0	25	-4	1	31	1	5	5	395	99	59	296	342
1067	0	16	-10	1	13	1	5	5	397	51	267	402	98
2443	0	31	-13	1	45	1	5	5	397	86	343	406	162
2283	0	32	-10	1	95	1	5	5	398	99	25	176	342
7065	0	79	0	1	0	1	5	5	402	121	121	336	197
7277	10	79	0	2	0	1	5	5	402	99	70	8	342
1227	20	12	-2	1	13	1	5	5	403	87	342	1	176
4449	20	44	-7	3	0	1	5	5	409	94	67	244	342
4052	0	44	0	1	13	1	5	5	412	123	67	72	211
2815	10	32	-2	2	444	1	5	5	45	95	328	2	176
1107	0	27	-7	1	13	1	5	5	47	343	72	53	342
4320	10	40	-9	2	0	1	5	5	47	48	8	342	176
2145	0	32	-7	1	13	1	5	5	48	342	17	406	162
1119	0	20	-6	1	13	1	5	5	48	342	65	342	224
4589	10	53	-5	3	0	1	5	5	48	47	379	245	245
1150	0	25	-1	1	13	1	5	5	50	162	99	326	342
2305	0	31	-10	1	13	1	5	5	50	343	67	102	15
4666	10	42	-13	2	0	1	5	5	51	130	149	342	176
1435	10	23	-5	1	0	1	5	5	53	112	197	342	139
2830	10	31	-10	2	0	1	5	5	53	171	59	342	176
2282	0	31	-10	1	13	1	5	5	53	171	59	48	342
1709	10	18	0	5	0	1	5	5	53	67	407	124	169
1447	0	20	-6	1	0	1	5	5	53	67	70	222	254
1188	0	17	-3	1	13	1	5	5	53	72	373	287	342
1319	0	17	-10	1	45	1	5	5	54	180	97	226	254
2117	0	32	-7	1	13	1	5	5	57	343	87	294	342
2460	0	31	-14	1	13	1	5	5	59	127	267	176	176
4646	10	41	-3	2	0	1	5	5	65	249	162	342	176
5276	10	59	0	2	0	1	5	5	65	249	169	342	176
1414	0	4	-4	1	0	1	5	5	65	336	89	121	342
3102	0	35	0	1	0	1	5	5	65	359	341	342	1
1350	0	25	-3	1	95	1	5	5	65	72	222	254	176
4440	10	51	0	3	0	1	5	5	65	87	294	342	176
3116	0	36	0	1	13	1	5	5	65	87	332	58	342
1425	0	18	-6	1	0	1	5	5	66	336	89	124	169
1529	0	17	-4	7	981	1	5	5	67	103	403	342	176
2457	0	31	-14	1	45	1	5	5	67	204	112	342	176
4585	10	45	-13	3	0	1	5	5	67	244	342	304	87	
2946	0	31	-21	7	982	1	5	5	67	386	194	342	176	
2835	20	31	-9	2	0	1	5	5	67	387	194	342	176	
4373	10	45	0	2	0	1	5	5	67	72	342	388	176	
2118	0	31	-7	1	0	1	5	5	70	327	128	124	169	
4661	10	45	-5	2	0	1	5	5	72	182	293	342	176	
1251	0	17	-2	1	13	1	5	5	72	336	89	211	176	
1370	0	17	-3	1	71	1	5	5	72	51	130	149	342	
5487	0	59	0	3	0	1	5	5	72	87	403	342	176	
1036	0	29	-6	1	13	1	5	5	76	402	68	287	267	
2556	0	31	-17	1	13	1	5	5	76	402	99	233	342	
1172	0	20	-3	1	13	1	5	5	79	343	387	59	211	
2365	0	31	-12	1	13	1	5	5	80	160	343	72	211	
2250	0	31	-9	1	13	1	5	5	86	327	99	102	190	
4044	0	41	-5	1	13	1	5	5	87	59	72	341	342	
2917	10	31	-19	5	0	1	6	6	102	190	48	8	342	373
2697	0	6	1	1	0	1	6	6	104	169	98	121	87	342
2524	0	31	-16	1	13	1	6	6	104	59	123	336	89	211
4348	10	45	-13	2	0	1	6	6	121	51	130	149	342	176
2404	0	31	-12	1	13	1	6	6	124	409	96	342	1	176
2064	0	31	-5	1	95	1	6	6	150	123	17	293	342	1
2492	0	31	-15	1	13	1	6	6	150	123	336	89	296	342
4272	0	47	-2	1	0	1	6	6	150	123	375	385	81	342
4056	0	41	-7	1	11	1	6	6	150	123	53	67	72	211
2340	0	31	-11	1	13	1	6	6	152	99	53	59	87	60
3097	0	35	0	1	13	1	6	6	153	233	59	99	387	71
2207	0	32	-8	1	13	1	6	6	155	343	171	59	53	342
2451	0	31	-13	1	13	1	6	6	162	216	57	99	62	342
1130	0	20	-3	1	13	1	6	6	164	125	59	253	230	342
2166	0	32	-8	1	13	1	6	6	173	180	99	127	347	342
3232	20	33	0	2	0	1	6	6	175	230	53	294	342	176
4446	20	53	-4	3	0	1	6	6	177	197	192	341	87	328
4344	20	42	-5	2	0	1	6	6	177	197	192	341	89	328
4349	20	53	-4	2	0	1	6	6	177	197	192	342	87	328
3083	0	33	0	1	13	1	6	6	18	162	99	25	84	12
7015	0	79	0	1	13	1	6	6	18	381	99	72	216	254
2470	0	31	-14	1	0	1	6	6	182	293	342	97	102	40
2465	0	31	-14	1	13	1	6	6	195	123	87	357	175	180
3234	20	35	0	2	0	1	6	6	197	132	345	387	135	342
2440	0	31	-13	1	13	1	6	6	197	336	97	86	59	211
6227	0	62	10	1	13	1	6	6	198	302	343	72	387	342
3320	20	33	0	5	0	1	6	6	201	99	48	342	67	138
2193	0	31	-8	1	13	1	6	6	202	343	65	67	72	211
2141	0	31	-7	1	13	1	6	6	202	403	99	78	347	342
2495	0	31	-15	1	45	1	6	6	204	155	211	249	180	267
4079	0	57	-3	1	13	1	6	6	204	329	99	67	48	342
1336	0	27	0	1	31	1	6	6	215	86	175	176	342	1
1170	0	27	-6	1	13	1	6	6	216	123	70	336	89	211
1314	0	20	-3	1	45	1	6	6	216	173	99	109	59	211
2846	10	31	-16	2	0	1	6	6	225	123	387	342	9	45
1534	0	25	-8	1	71	1	6	6	234	99	67	70	211	242
4296	0	46	-20	1	0	1	6	6	241	287	319	176	51	176
4345	10	53	-6	2	0	1	6	6	242	336	56	67	244	342
1337	0	24	-9	1	31	1	6	6	244	336	347	252	391	98
7028	0	79	0	1	45	1	6	6	244	343	72	66	127	168
2050	0	32	-5	1	45	1	6	6	245	245	343	48	8	342
4123	20	43	-14	1	0	1	6	6	245	307	307	249	307	342
7020	0	79	0	1	0	1	6	6	249	214	97	258	347	342
1310	0	25	-8	1	45	1	6	6	249	336	99	171	8	342
1402	0	18	-8	1	0	1	6	6	249	342	345	97	106	169
2489	0	31	-15	1	13	1	6	6	25	99	87	59	294	342
1222	0	17	-5	1	13	1	6	6	254	343	87	249	162	342
2285	0	31	-10	1	13	1	6	6	26	100	87	59	38	342
5078	0	59	0	1	0	1	6	6	261	186	307	97	249	336
4006	0	47	-5	1	13	1	6	6	261	367	87	98	304	186
1071	0	1	0	1	13	1	6	6	261	371	59	97	114	169
2415	0	31	-13	1	13	1	6	6	264	287	87	249	175	180
2413	0	31	-13	1	13	1	6	6	264	89	332	58	249	307
1215	0	28	-2	1	13	1	6	6	267	233	342	403	87	342
2612	0	31	-18	1	13	1	6	6	267	342	86	75	245	245
2419	0	31	-13	1	13	1	6	6	267	402	123	72	342	1
4073	0	47	-8	1	13	1	6	6	267	99	102	59	347	12
8119	10	89	0	2	13	1	6	6	267	99	175	230	53	342
5055	0	59	0	1	13	1	6	6	267	99	204	245	347	342
2363	0	31	-12	1	13	1	6	6	267	99	217	403	347	342
2660	0	31	-21	1	13	1	6	6	267	99	249	162	342	242
2569	0	31	-17	1	13	1	6	6	267	99	287	249	162	12
1537	0	20	-3	1	13	1	6	6	267	99	322	342	204	162
1115	0	28	-3	1	13	1	6	6	267	99	336	51	342	1
2255	0	32	-9	1	13	1	6	6	267	99	375	375	342	1
1080	0	17	-1	1	13	1	6	6	267	99	387	67	406	162
2081	0	32	-6	1	13	1	6	6	267	99	387	67	72	211
4270	0	42	-5	1	0	1	6	6	267	99	389	70	348	342
2653	0	31	-21	1	13	1	6	6	267	99	48	127	347	342
2229	20	31	-8	1	0	1	6	6	267	99	51	130	149	342
2555	0	31	-17	1	13	1	6	6	267	99	53	72	155	211
4101	0	44	-7	1	13	1	6	6	267	99	59	70	296	342
1433	0	17	-4	1	0	1	6	6	267	99	65	249	162	342
1369	0	25	-5	1	75	1	6	6	267	99	65	403	87	342
2048	0	33	0	1	13	1	6	6	267	99	67	171	8	342
2079	0	31	-6	1	13	1	6	6	267	99	67	205	245	342
1629	10	20	-2	2	0	1	6	6	267	99	67	403	87	342
3090	0	33	0	1	13	1	6	6	267	99	72	97	347	342
3039	0	33	0	1	13	1	6	6	267	99	86	103	403	342
6129	0	62	10	1	13	1	6	6	267	99	87	59	70	342
4282	0	41	-5	1	0	1	6	6	267	99	98	178	389	15
1424	0	26	-5	1	0	1	6	6	267	99	98	25	245	245
1092	0	17	-3	1	13	1	6	6	28	162	343	106	287	342
4131	0	53	-4	1	13	1	6	6	28	169	343	249	169	342
8017	0	81	0	1	13	1	6	6	28	343	387	67	72	211
7215	20	79	0	2	0	1	6	6	286	99	87	249	162	342
1331	0	20	-5	1	31	1	6	6	293	123	343	100	17	342
1041	0	20	-4	1	13	1	6	6	293	123	343	102	59	211
1140	0	24	-7	1	11	1	6	6	293	123	343	136	193	342
1630	0	28	-3	2	13	1	6	6	293	123	343	171	8	342
2609	0	31	-18	1	31	1	6	6	293	123	343	249	162	12
7045	0	79	0	1	13	1	6	6	293	123	343	249	169	342
2442	0	31	-13	1	13	1	6	6	293	123	343	336	49	86
2115	0	32	-6	1	13	1	6	6	293	123	343	403	87	342
2405	10	31	-12	1	13	1	6	6	293	123	343	65	294	342
2402	0	31	-12	1	13	1	6	6	293	123	343	67	175	206
1145	0	24	-3	1	351	1	6	6	293	123	344	336	347	342
2041	0	32	-5	1	0	1	6	6	293	123	344	53	87	60
1469	0	18	-10	1	0	1	6	6	293	123	345	171	8	342
5064	0	59	0	1	13	1	6	6	293	123	65	206	86	342
6133	0	62	10	1	13	1	6	6	293	123	86	250	93	404
2016	0	31	-4	1	13	1	6	6	293	176	176	150	123	51
1457	0	20	-10	1	0	1	6	6	293	245	344	301	155	211
2043	0	32	-5	1	0	1	6	6	293	323	323	384	176	176
1186	0	28	-3	1	13	1	6	6	293	402	123	230	391	162
1108	0	25	-6	1	13	1	6	6	293	402	97	67	349	342
2125	0	32	-7	1	0	1	6	6	293	56	252	97	358	342
2190	0	32	-8	1	13	1	6	6	302	123	398	160	307	176
4008	0	47	-5	1	13	1	6	6	302	214	97	150	127	293
2548	0	31	-16	1	13	1	6	6	303	252	99	205	230	211
2157	0	31	-7	1	13	1	6	6	305	123	86	136	193	342
7024	0	79	0	1	13	1	6	6	320	32	123	67	53	342
2284	0	31	-10	1	13	1	6	6	336	209	343	389	296	342
4087	0	44	-6	1	13	1	6	6	336	64	99	102	287	342
1030	0	16	0	1	13	1	6	6	336	89	211	97	86	15
2573	0	31	-17	1	71	1	6	6	336	89	99	192	347	342
2238	0	32	-9	1	45	1	6	6	34	99	65	301	347	342
6132	0	62	11	1	13	1	6	6	343	180	99	341	17	342
4238	0	42	-12	1	45	1	6	6	343	229	59	99	112	162
2286	0	31	-10	1	13	1	6	6	343	391	99	86	75	12
1395	0	20	-6	1	0	1	6	6	343	74	400	99	104	162
1286	0	18	-2	1	13	1	6	6	355	343	86	175	176	211
1347	0	28	-4	1	113	1	6	6	37	342	98	86	67	211
2263	0	31	-9	1	13	1	6	6	373	162	343	249	162	342
8101	10	89	0	2	0	1	6	6	375	202	99	201	342	1
4083	0	43	-7	1	13	1	6	6	375	267	99	336	89	211
2507	0	31	-15	1	13	1	6	6	375	65	72	336	89	211
2281	0	31	-10	1	13	1	6	6	375	99	67	342	216	254
4036	0	53	-2	1	13	1	6	6	379	343	87	59	72	14
5081	0	59	0	1	41	1	6	6	387	171	59	112	197	342
4015	0	56	-3	1	13	1	6	6	387	171	59	336	89	211
2655	0	31	-21	1	41	1	6	6	387	72	336	89	347	342
2378	0	31	-12	1	45	1	6	6	387	72	48	342	319	17
2123	0	32	-7	1	45	1	6	6	387	72	67	336	89	211
1615	0	17	-3	2	0	1	6	6	389	65	249	169	342	176
2046	0	31	-5	1	0	1	6	6	389	87	59	249	169	342
2227	0	31	-9	1	0	1	6	6	389	87	59	67	121	342
7069	0	79	0	1	0	1	6	6	391	123	128	342	216	254
2146	0	31	-7	1	13	1	6	6	391	123	65	67	233	342
2326	0	31	-11	1	13	1	6	6	391	123	65	67	296	342
2576	0	31	-17	1	13	1	6	6	391	123	72	253	81	342
2521	0	31	-16	1	251	1	6	6	391	123	98	249	162	342
9091	0	91	0	1	13	1	6	6	391	28	162	99	104	162
2160	0	32	-8	1	13	1	6	6	391	391	343	249	162	342
1438	0	28	-1	1	0	1	6	6	391	97	48	258	193	342
1109	0	28	-1	1	13	1	6	6	391	97	65	67	342	1
4152	0	52	-2	1	11	1	6	6	391	99	100	287	194	342
2567	0	31	-17	1	31	1	6	6	391	99	105	59	342	1
2038	0	31	-5	1	0	1	6	6	391	99	212	176	86	161
2302	0	31	-10	1	0	1	6	6	391	99	387	102	287	342
1088	0	22	-1	1	13	1	6	6	391	99	387	67	59	211
1126	0	17	-7	1	13	1	6	6	391	99	387	87	326	342
2528	0	31	-16	1	0	1	6	6	391	99	389	182	293	169
1430	0	16	-6	1	0	1	6	6	391	99	389	249	169	342
4097	0	47	-6	1	13	1	6	6	391	99	391	252	175	180
1010	0	17	-3	1	13	1	6	6	391	99	48	171	8	342
1114	0	17	-6	1	13	1	6	6	391	99	87	59	296	342
1436	0	18	-4	1	0	1	6	6	391	99	98	178	389	15
3088	0	33	0	1	0	1	6	6	391	99	98	25	245	245
2584	0	31	-18	1	13	1	6	6	399	121	99	70	53	342
4304	10	40	-10	2	700	1	6	6	402	188	343	249	162	12
5086	0	59	0	1	13	1	6	6	402	195	343	65	342	1
2002	0	32	2	1	13	1	6	6	403	302	99	87	57	342
1315	0	20	-2	1	45	1	6	6	403	400	99	249	162	12
4450	20	42	-16	3	0	1	6	6	409	94	67	244	342	176
1174	0	18	-4	1	13	1	6	6	412	123	87	249	162	342
4630	0	57	-5	1	0	1	6	6	417	267	402	97	48	342
4034	0	47	-11	1	13	1	6	6	417	267	99	53	194	342
4372	10	40	-10	2	0	1	6	6	48	136	193	342	176	176
2219	0	31	-8	1	13	1	6	6	50	343	375	375	81	342
2369	0	31	-12	1	0	1	6	6	51	130	149	342	98	174
1179	0	4	-6	1	13	1	6	6	51	155	343	102	137	342
1541	0	16	-2	1	13	1	6	6	53	336	89	403	87	342
5114	0	59	0	1	0	1	6	6	53	67	336	89	18	211
3161	0	38	0	1	0	1	6	6	53	87	59	127	358	342
1556	0	25	-6	1	13	1	6	6	59	160	343	249	162	342
4046	0	42	-5	1	13	2	6	6	59	209	211	100	273	87
2434	0	31	-13	7	0	1	6	6	59	99	102	36	384	384
3156	0	37	0	1	0	1	6	6	65	336	89	373	287	342
3120	0	36	0	1	0	1	6	6	65	67	51	130	149	342
4672	10	40	-4	2	0	1	6	6	67	336	89	216	254	176
6127	0	62	8	1	13	1	6	6	67	336	89	387	72	12
4262	0	40	-7	1	0	1	6	6	72	186	301	155	347	342
4013	0	41	-4	1	13	1	6	6	72	336	89	48	247	342
2593	0	31	-18	1	13	1	6	6	76	64	99	72	224	342
1028	0	24	-4	1	11	1	6	6	86	381	99	48	8	342
3021	0	33	0	1	13	1	6	6	87	162	97	104	287	15
4055	0	44	-9	1	13	1	6	6	87	322	99	336	89	211
2171	0	32	-8	1	71	1	6	6	87	322	99	87	59	71
1605	10	16	-10	2	0	1	6	6	87	403	99	387	17	261
2260	0	31	-9	1	95	1	6	6	87	59	67	89	381	342
4266	0	48	-5	1	0	1	6	6	89	381	28	174	180	97
8029	0	81	0	1	13	1	6	6	89	391	99	127	127	342
1113	0	25	-3	1	13	1	6	6	94	123	124	112	197	342	
2588	0	31	-18	1	13	1	6	6	98	72	17	173	86	224	
2084	0	32	-6	1	13	1	7	7	102	287	329	343	387	65	224
4084	0	40	-7	1	13	1	7	7	102	287	329	343	67	8	342
6229	0	62	4	1	13	1	7	7	104	149	180	99	403	87	342
4106	0	53	-6	1	13	1	7	7	121	121	171	123	67	348	342
2130	0	32	-7	1	11	1	7	7	127	97	391	99	87	325	211
1623	20	28	-10	2	0	1	7	7	137	155	343	10	81	403	87
2098	0	32	-6	1	13	1	7	7	143	286	59	99	72	341	342
1536	0	18	-6	1	45	1	7	7	146	195	343	403	87	342	1
2068	0	32	-5	1	13	1	7	7	146	267	99	70	62	342	1
4261	0	41	-2	1	0	1	7	7	150	123	53	171	59	226	342
4141	0	41	-14	1	13	1	7	7	155	162	99	102	59	342	1
1180	0	25	-6	1	13	1	7	7	155	245	245	99	67	222	254
2407	0	31	-13	1	13	1	7	7	159	381	99	175	230	53	342
8037	0	81	0	1	11	1	7	7	160	22	125	59	99	70	211
2603	0	31	-18	1	0	1	7	7	17	293	136	193	204	234	176
1373	0	17	-8	1	71	1	7	7	17	293	61	100	67	135	342
2694	0	7	7	1	13	1	7	7	17	303	99	65	67	342	1
4614	0	40	-5	1	13	1	7	7	17	327	128	342	97	104	169
1151	0	17	-5	1	13	1	7	7	17	395	99	171	59	247	342
1420	0	18	-8	1	0	1	7	7	175	230	344	53	65	233	342
3067	0	33	0	1	13	1	7	7	186	125	59	391	97	59	211
2301	0	31	-10	1	0	1	7	7	194	194	219	345	97	104	169
3085	0	33	0	1	13	1	7	7	197	28	343	86	124	25	342
3104	0	35	0	1	13	1	7	7	203	343	87	59	8	342	1
7009	0	79	0	1	11	1	7	7	204	230	67	72	336	89	211
2395	0	31	-12	1	0	2	7	7	205	245	48	8	97	89	190
8038	0	81	0	1	41	1	7	7	205	395	99	192	343	167	127
2233	0	32	-9	1	13	1	7	7	215	298	86	109	59	342	1
2536	0	31	-16	1	13	1	7	7	216	123	65	211	373	127	373
4241	0	41	-6	1	45	1	7	7	22	47	343	65	67	8	342
1033	0	16	-7	1	13	1	7	7	223	149	180	99	72	219	342
2563	0	31	-17	1	13	1	7	7	233	127	125	59	99	193	342
1324	0	18	-6	1	45	1	7	7	238	267	99	87	59	67	211
4012	0	40	-9	1	13	1	7	7	245	245	127	345	48	342	71
7220	0	79	0	2	0	1	7	7	245	245	99	67	72	59	211
2066	0	32	-5	1	13	1	7	7	245	287	99	86	204	230	342
2348	0	31	-11	1	13	1	7	7	249	102	287	99	67	348	342
4297	0	57	-4	1	0	1	7	7	249	169	342	98	178	389	15
4245	0	53	-3	1	45	1	7	7	261	186	343	171	8	391	252
2086	0	32	-6	1	690	1	7	7	261	213	343	389	53	342	242
2085	0	32	-6	1	11	1	7	7	267	99	102	17	336	51	342
4264	0	40	-5	1	0	1	7	7	267	99	102	59	249	169	342
2481	0	31	-14	1	13	1	7	7	267	99	103	403	48	8	342
1146	0	28	-3	1	13	1	7	7	267	99	112	194	403	87	342
1032	0	17	-5	1	13	1	7	7	267	99	153	153	171	59	211
1094	0	24	-8	1	13	1	7	7	267	99	171	59	336	89	211
5062	0	59	0	1	13	1	7	7	267	99	389	70	336	89	211
1494	0	25	-2	1	0	1	7	7	267	99	47	340	342	97	173
6207	0	61	15	1	999	1	7	7	267	99	53	67	336	89	211
3096	0	35	0	1	0	1	7	7	267	99	53	72	112	197	342
3232	10	33	0	2	0	1	7	7	267	99	54	54	171	8	342
2583	0	31	-17	1	13	1	7	7	267	99	65	336	89	222	254
2327	10	31	-11	1	0	2	7	7	267	99	65	67	127	347	342
2224	0	31	-8	1	13	1	7	7	267	99	67	153	153	347	342
2338	0	31	-11	1	13	1	7	7	267	99	67	171	8	342	1
3160	0	38	0	1	13	1	7	7	267	99	70	72	336	89	211
1456	0	25	-6	1	0	1	7	7	267	99	72	336	89	216	254
1326	0	25	-2	1	45	1	7	7	267	99	72	65	336	89	211
4316	10	56	-4	2	0	1	7	7	267	99	86	336	12	89	328
4075	10	40	-12	1	13	1	7	7	267	99	87	155	249	162	342
3164	0	39	0	1	13	1	7	7	267	99	87	59	192	347	342
1014	0	25	-3	1	11	1	7	7	267	99	87	59	67	194	342
2522	0	31	-16	1	730	1	7	7	284	99	124	342	402	59	86
4319	10	45	-2	2	0	2	7	7	293	123	343	106	402	336	321
1024	0	20	-6	1	13	1	7	7	293	123	343	72	65	8	342
6231	0	62	10	1	13	1	7	7	293	123	343	86	249	162	14
2071	0	33	0	1	13	1	7	7	293	123	344	127	98	8	342
2632	0	31	-20	1	13	1	7	7	293	15	99	102	17	8	342
7017	0	79	0	1	0	1	7	7	293	77	245	126	97	106	169
2685	0	31	-27	1	13	1	7	7	303	343	67	51	130	149	342
4072	0	45	-10	1	13	1	7	7	319	379	402	97	65	53	342
1214	0	18	-6	1	13	1	7	7	319	86	99	59	8	342	1
3094	0	35	0	1	13	1	7	7	323	245	344	51	130	149	342
2169	0	32	-8	1	71	1	7	7	328	307	402	301	155	211	242
2208	0	31	-8	1	13	1	7	7	328	391	99	70	336	89	211
4002	0	40	-3	1	13	1	7	7	330	245	256	99	112	194	342
4082	0	40	-9	1	13	1	7	7	335	162	343	67	249	162	342
9111	0	91	0	1	0	1	7	7	336	307	123	48	342	226	254
1042	0	17	-2	1	13	1	7	7	34	99	72	325	296	87	342
8072	0	89	0	1	72	1	7	7	341	127	373	373	267	94	347
1426	0	16	-3	1	0	1	7	7	341	309	267	99	48	8	342
4718	10	47	-8	3	0	1	7	7	343	162	343	86	336	89	211
4351	10	41	-7	2	0	1	7	7	343	216	162	99	387	53	342
4263	0	40	-9	1	0	1	7	7	343	87	59	67	403	87	342
8039	0	82	0	1	312	1	7	7	344	217	344	103	403	347	342
7081	0	79	0	1	13	1	7	7	361	169	402	123	98	102	190
5073	20	59	0	1	13	1	7	7	364	51	130	99	67	244	342
2184	0	31	-8	1	13	1	7	7	371	225	344	67	98	347	342
3153	0	37	0	1	13	1	7	7	387	267	99	336	89	135	342
2231	0	31	-9	1	13	1	7	7	387	53	171	59	98	347	342
2426	0	31	-13	1	13	1	7	7	387	65	67	336	89	48	342
4358	10	44	-4	2	0	1	7	7	387	65	72	336	89	342	176
2903	20	31	-10	5	0	1	7	7	389	407	124	169	373	287	342
2205	0	32	-9	1	0	1	7	7	389	53	171	59	373	287	342
2396	0	31	-12	1	13	1	7	7	389	65	67	204	112	358	342
1802	10	22	0	5	0	1	7	7	389	65	72	336	89	194	169
1345	0	17	-4	1	113	1	7	7	391	123	65	72	336	89	211
4016	0	42	-5	1	13	1	7	7	391	97	53	67	70	327	342
2022	0	31	-4	1	13	1	7	7	391	97	53	72	373	287	342
2056	0	32	-5	1	13	1	7	7	391	99	186	301	155	347	342
2307	0	31	-10	1	13	1	7	7	391	99	53	336	89	67	66
2162	0	31	-7	1	0	1	7	7	391	99	53	87	59	121	342
2480	0	31	-14	1	13	1	7	7	391	99	70	87	59	387	342
1079	0	27	-3	1	13	1	7	7	391	99	87	59	67	121	14
8062	0	89	0	1	13	1	7	7	391	99	87	59	70	194	342
1468	0	18	-4	1	0	1	7	7	391	99	87	59	72	8	342
2333	0	31	-11	1	13	1	7	7	4	99	70	72	249	169	342
1211	0	17	-2	1	11	1	7	7	400	125	59	123	112	197	342
1058	0	18	-8	1	13	1	7	7	400	396	169	99	48	193	342
1050	0	17	-6	1	13	1	7	7	409	96	19	99	171	8	342
2818	10	31	-6	2	0	1	7	7	41	137	249	65	67	342	1
4118	0	42	-10	1	13	1	7	7	412	123	98	51	130	149	342
1713	10	13	0	5	0	1	7	7	51	130	149	342	123	102	190
2541	0	31	-16	1	0	1	7	7	53	171	59	336	89	216	254
4371	10	42	-10	2	0	1	7	7	53	67	72	182	293	342	176
2918	20	31	-14	5	0	1	7	7	53	70	336	89	294	8	342
1060	0	25	-3	1	13	1	7	7	54	28	162	100	65	347	342
2901	20	31	-6	5	0	1	7	7	59	112	194	18	211	87	169
1004	0	16	-3	1	13	1	7	7	59	127	245	343	75	245	245
1418	0	25	-3	1	0	1	7	7	65	249	169	342	97	104	169
1705	10	25	-8	5	0	1	7	7	65	336	89	407	169	183	169
4105	0	40	-3	1	13	1	7	7	65	70	358	342	178	389	15
1803	10	18	0	5	0	1	7	7	70	112	194	18	211	87	169
1431	0	16	-1	1	0	1	7	7	80	89	344	67	72	403	162
7080	0	79	0	1	13	1	7	7	86	197	99	65	8	342	1
3151	0	37	0	1	31	1	7	7	87	186	177	99	72	127	342
1342	0	17	-4	1	113	1	7	7	87	186	344	70	78	347	342	
2675	0	31	-23	1	45	1	7	7	87	19	54	99	65	59	211	
1026	0	4	-9	1	11	1	7	7	87	197	87	99	336	347	342	
2174	0	32	-8	1	11	1	7	7	87	230	180	99	70	53	342	
4162	0	41	-12	1	13	1	7	7	87	249	343	175	230	53	342	
4017	0	40	-6	1	13	1	7	7	87	284	342	98	178	389	15	
4229	0	42	-16	1	71	1	7	7	89	99	173	59	398	48	15	
8108	0	81	0	2	11	1	8	8	1	1	121	121	99	172	304	307
2049	0	31	-5	1	0	1	8	8	102	288	87	249	180	323	323	29
6306	10	62	9	6	0	1	8	8	109	59	367	380	314	106	18	162
4081	0	41	-4	1	13	1	8	8	121	65	336	89	389	102	287	342
2099	0	32	-6	1	13	1	8	8	147	195	343	325	109	59	347	342
1149	0	18	-2	1	13	1	8	8	150	123	389	72	296	342	124	169
7107	0	79	0	1	45	1	8	8	162	267	99	48	342	59	327	254
1555	0	2	-18	1	13	1	8	8	17	162	343	65	175	230	53	342
1406	0	2	-8	1	0	1	8	8	17	293	391	87	28	189	252	176
9801	0	98	0	1	47	2	8	8	173	10	97	121	185	97	297	57
9822	0	98	0	1	13	1	8	8	173	403	123	102	59	249	162	342
2461	0	31	-14	1	0	1	8	8	178	389	15	87	326	25	245	245
7031	0	79	0	1	13	1	8	8	18	162	123	72	216	254	97	175
2826	0	31	-10	2	13	1	8	8	182	186	267	99	53	59	155	211
2599	0	31	-18	1	0	1	8	8	182	293	344	387	171	59	397	169
4023	0	40	-4	1	13	1	8	8	183	169	99	389	72	182	293	342
3110	0	36	0	1	13	1	8	8	186	293	99	387	336	89	347	342
2120	0	31	-7	1	0	1	8	8	214	99	389	67	112	197	342	139
2273	0	31	-10	1	0	1	8	8	216	123	171	59	336	89	216	254
1404	0	20	-7	1	0	1	8	8	249	342	345	65	67	121	135	342
1054	0	20	-5	1	13	1	8	8	253	230	89	89	267	99	106	169
5090	0	59	0	1	13	1	8	8	261	134	86	99	65	249	169	342
2237	0	31	-9	1	13	1	8	8	267	343	87	155	124	169	296	342
2178	0	31	-8	1	13	1	8	8	267	99	173	403	347	342	400	307
1322	0	17	-2	1	45	1	8	8	267	99	175	230	53	171	8	342
2290	0	31	-10	1	45	1	8	8	267	99	204	230	301	155	347	342
1104	0	20	-5	1	13	1	8	8	267	99	387	72	336	89	348	342
5058	0	59	0	1	0	1	8	8	267	99	72	336	89	327	128	342
2103	0	31	-6	1	13	1	8	8	267	99	87	150	201	342	98	175
2552	0	31	-17	1	13	1	8	8	267	99	87	59	342	224	97	173
2054	0	32	-5	1	11	1	8	8	267	99	87	59	65	253	230	342
9071	0	91	0	1	0	1	8	8	267	99	98	67	72	182	293	342
1403	0	26	0	1	0	1	8	8	28	303	100	66	407	169	334	342
1142	0	24	-2	1	13	1	8	8	28	336	182	99	387	72	348	342
3016	0	33	0	1	13	1	8	8	290	290	343	67	65	336	89	211
8026	0	82	0	1	13	1	8	8	293	123	343	100	17	81	89	89
3316	10	33	0	5	0	1	8	8	295	87	97	252	97	25	245	245
4004	0	47	-5	1	13	1	8	8	300	17	293	87	326	54	336	293
2052	0	31	-5	1	13	1	8	8	327	186	381	51	59	67	216	254
7236	10	79	0	2	0	1	8	8	336	209	343	98	121	59	342	1
1710	10	18	0	5	0	1	8	8	345	341	18	252	97	25	245	245
2539	0	31	-16	1	13	1	8	8	375	267	99	53	342	72	155	211
3246	10	38	0	2	0	1	8	8	387	102	59	342	375	375	342	1
2138	0	31	-7	1	0	1	8	8	389	53	72	327	128	342	294	375
1110	0	17	-3	1	13	1	8	8	391	216	53	125	59	391	176	176
1401	0	16	-8	1	0	1	8	8	391	97	389	67	178	389	8	342
1105	0	3	-6	1	13	1	8	8	391	99	121	389	59	336	89	211
2129	0	32	-7	1	45	1	8	8	398	379	343	65	72	121	222	254
2617	0	31	-19	1	13	1	8	8	400	293	97	72	336	89	86	91
2406	0	31	-13	1	13	1	8	8	403	256	216	123	65	87	284	342
3089	0	33	0	1	13	1	8	8	415	125	59	99	65	67	53	342
3087	0	33	0	1	13	1	8	8	54	180	99	387	48	17	406	162
4274	0	40	-7	1	0	1	8	8	65	72	99	155	102	287	87	169
2423	0	31	-13	1	45	1	8	8	75	10	97	121	245	245	10	176
1008	0	16	-3	1	13	1	8	8	76	402	87	59	67	336	89	211
2297	0	31	-10	1	0	1	8	8	86	210	99	389	67	211	97	102
2477	0	31	-14	1	0	1	8	8	86	210	99	389	69	211	97	173
1552	0	24	-8	1	13	1	8	8	87	403	180	99	98	379	245	245	
4103	0	52	-3	1	13	1	8	8	94	400	402	99	67	171	8	342	
2128	0	31	-7	1	13	1	9	9	17	293	54	180	99	109	59	342	1
2429	0	31	-12	1	13	1	9	9	173	51	267	99	87	59	53	8	342
2455	0	31	-14	1	13	1	9	9	191	303	402	99	87	59	244	58	342
2033	0	31	-4	1	13	1	9	9	204	233	59	99	389	65	67	121	342
1066	0	20	-4	1	13	1	9	9	210	86	99	389	60	204	108	358	342
2473	0	31	-14	1	13	1	9	9	214	150	267	99	249	162	375	76	267
1306	0	17	-5	1	65	1	9	9	244	81	99	98	72	65	53	342	224
4022	0	47	-6	1	13	1	9	9	267	99	389	65	72	222	254	124	169
4119	0	40	-9	1	13	1	9	9	267	99	53	182	293	112	197	342	176
1011	0	25	-5	1	13	1	9	9	267	99	67	296	9	342	17	407	169
1021	0	22	-4	1	13	1	9	9	293	123	345	65	67	51	130	149	342
4104	0	53	-4	1	13	1	9	9	293	123	345	65	67	70	249	162	342
7013	0	79	0	1	0	1	9	9	293	123	387	87	59	294	249	169	342
4028	0	42	-9	1	13	1	9	9	307	86	99	387	53	65	336	89	211
2107	0	31	-6	1	13	1	9	9	336	51	130	53	99	124	25	176	342
8043	0	81	0	1	13	1	9	9	343	229	233	59	97	389	48	17	342
1623	10	28	-10	2	0	1	9	9	386	53	48	342	12	328	328	328	162
2271	0	31	-10	1	13	1	9	9	391	28	169	99	65	72	67	244	342
4275	0	40	0	1	0	1	9	9	391	99	65	244	58	336	89	124	169
1553	0	5	-4	1	13	1	9	9	397	1	267	99	67	342	112	194	342
3031	0	33	0	1	13	1	9	9	397	307	268	402	99	72	249	162	342
4025	0	47	-5	1	13	1	9	9	412	123	53	171	59	121	342	222	254
5052	0	59	0	1	0	1	9	9	53	70	72	342	407	169	178	389	15
2027	0	32	-4	1	13	1	9	9	87	244	28	54	99	245	245	87	162
1065	0	18	-4	1	13	1	9	9	87	28	257	99	67	70	336	89	211
2111	0	32	-6	1	13	1	9	9	89	3	99	336	244	17	134	86	415
